tree
version=v4
num_class=1
num_tree_per_iteration=1
label_index=0
max_feature_idx=58
objective=huber
feature_names=Column_0 Column_1 Column_2 Column_3 Column_4 Column_5 Column_6 Column_7 Column_8 Column_9 Column_10 Column_11 Column_12 Column_13 Column_14 Column_15 Column_16 Column_17 Column_18 Column_19 Column_20 Column_21 Column_22 Column_23 Column_24 Column_25 Column_26 Column_27 Column_28 Column_29 Column_30 Column_31 Column_32 Column_33 Column_34 Column_35 Column_36 Column_37 Column_38 Column_39 Column_40 Column_41 Column_42 Column_43 Column_44 Column_45 Column_46 Column_47 Column_48 Column_49 Column_50 Column_51 Column_52 Column_53 Column_54 Column_55 Column_56 Column_57 Column_58
feature_infos=[-10.501026648036316:5.2451156167110264] [-6.1823133056623529:4.9615067092540555] [-4.798018125870235:3.9740099458325151] [-2.7626703158539709:3.8095552210577273] [-1.9705520373369172:3.440080059288662] [-0.69044044019532724:0.78562343595152839] [-0.36356800817995605:0.6262748686013464] [-1.7064230426086375:0.88233608332318769] [-4.0372276994919458:4.1133988932060443] [-4.0225816839794959:4.8309133975506047] [-0.49711650069606272:0.49862556804340397] [-0.4982813902783122:0.49896302487192601] [0.09449983501347807:0.70767705222466448] [0.49326299303470372:3.8000642555987501] [6.3410200587601194e-05:0.61570620468206971] [-0.49743990897454132:0.5] [-2.1705539694810914:2.0011011700424044] [0.14168679287132857:3.2830413157828118] [-0.98770892385886089:1] [0:0.91081593927893734] [0:0.94591887831747623] none none [-1:1] [-1:1] [-1:1] [-1:1] [-1:1] [-1:1] [-1:1] [-1:1] [-1:1] [-1:1] [-1:1] [-1:1] [-1:1] [-1:1] [-1:1] [-1:1] [-1:1] [-1:1] [-1:1] [-1:1] [-1:1] [-1:1] [-1:1] [-1:1] [-1:1] [-1:1] [-1:1] [-1:1] [-1:1] [-1:1] [-1:1] [-1:1] [-1:1] [-1:1] [-1:1] [-1:1]
tree_sizes=2772 2850 2850 2855 2857 2845 2862 2856 2848 2876

Tree=0
num_leaves=31
num_cat=0
split_feature=2 15 12 6 0 5 13 7 7 13 12 10 13 16 57 12 14 1 8 6 18 11 5 7 7 1 17 9 11 16
split_gain=3.975 3.31142 3.36309 2.73764 3.33056 2.47952 2.0519 2.01768 2.21869 2.82477 2.4472 2.04889 1.945 1.92762 2.06586 1.93389 2.92248 2.23911 1.88611 1.88299 1.81634 1.7379 2.64845 2.48553 1.89429 2.55786 2.05369 1.77557 1.75251 1.73357
threshold=2.1081019418093203 -0.33776523691715271 0.15003114538361209 0.21439254947893499 0.56171748959742895 -0.36621528566149669 1.3914759953205815 0.495720063995579 -0.36346584204947979 2.1565774556891353 0.49717059084821857 0.14366898090255123 1.3273658082934265 -0.77264069958070702 1.0000000180025095e-35 0.201374731130852 0.27268210755600736 -0.97762202392249686 -2.1868852175081686 0.34438603858269806 0.34055068697726004 0.40668361638055778 0.045943385895173924 -0.24819495442305131 -0.0073448611426141916 0.99430798078262761 0.67252581119097166 -0.56907699277363255 -0.39469857469656749 -0.4427404717436792
decision_type=2 2 2 2 2 2 2 2 2 2 2 2 2 2 2 2 2 2 2 2 2 2 2 2 2 2 2 2 2 2
left_child=1 13 29 5 19 -4 -6 8 11 21 -11 -7 -9 -1 15 -15 17 18 -17 -5 -2 22 23 -10 26 27 -24 -26 -25 -3
right_child=20 2 3 4 6 7 -8 12 9 10 -12 -13 -14 14 -16 16 -18 -19 -20 -21 -22 -23 24 28 25 -27 -28 -29 -30 -31
leaf_value=0.031018424519062074 0.05075507634132758 0.035352676474871107 0.041511690776405138 0.043192116797820285 0.036462574803622749 0.021570281215976404 0.023200224105672053 0.035366408680874137 0.038612289575741962 0.050145421853608575 0.030781294521695965 0.037244037054856079 0.017614955966048465 0.046928090015174242 0.052508381754122313 0.036315571309194696 0.047446019889200761 0.040331203288646422 0.019959225363720377 0.031039242770825898 0.036428786662375409 0.025922834648490559 0.046052305408053003 0.035259591930450876 0.041158124500850386 0.041479319292283601 0.034480913206239826 0.029928416377018058 0.028206725185721301 0.047109784207986359
leaf_weight=47 43 63 57 159 59 76 44 22 79 32 21 24 38 44 27 26 28 36 36 33 42 94 65 107 32 70 77 250 464 54
leaf_count=47 43 63 57 159 59 76 44 22 79 32 21 24 38 44 27 26 28 36 36 33 42 94 65 107 32 70 77 250 464 54
internal_value=0.0345679 0.0341319 0.0334289 0.0328848 0.0372314 0.0320248 0.0302622 0.0316095 0.0320503 0.0326513 0.0430354 0.0252022 0.0232592 0.0395042 0.0416189 0.0390077 0.0355616 0.0313197 0.0260609 0.0410151 0.0445812 0.0321452 0.0327299 0.0306571 0.0354876 0.0335088 0.0401623 0.0313731 0.0295116 0.0413124
internal_weight=2249 2164 1920 1803 295 1508 103 1451 1391 1291 53 100 60 244 197 170 126 98 62 192 85 1238 1144 650 494 352 142 282 571 117
internal_count=2249 2164 1920 1803 295 1508 103 1451 1391 1291 53 100 60 244 197 170 126 98 62 192 85 1238 1144 650 494 352 142 282 571 117
is_linear=0
shrinkage=1


Tree=1
num_leaves=31
num_cat=0
split_feature=10 10 10 6 4 7 0 16 17 16 7 3 4 20 13 13 0 13 18 12 4 13 7 17 20 4 13 13 4 7
split_gain=2.6127 5.66679 3.0398 2.81466 2.78583 2.5988 2.29058 3.36943 2.78628 2.65728 4.00469 2.59047 2.40424 2.10227 2.5727 3.21827 2.5718 2.17365 1.95082 1.7912 1.78211 1.70665 2.11911 1.74923 1.68529 2.07606 1.60961 1.60201 1.58141 1.57057
threshold=-0.32006106919956839 -0.0081833887933656074 -0.36679815214434858 -0.13343188708123246 0.3057624798370463 0.50965401429888801 0.37683910617844812 -0.4252411023333128 0.80562744012385101 -1.0976739361720178 0.25902181282092268 2.4794171092269761 2.763033579595652 0.51411569423607306 1.4768173142246523 1.0826172865621408 0.53818610215312457 1.2951516030232577 0.71163981872680693 0.44936315323763359 0.80054497423126725 1.2513486061965666 0.17592432676076478 0.55314851971145929 0.62778933041075635 1.0000000180025095e-35 1.4735257727377289 0.94947371154869564 -0.28738313060583348 -0.20515781307081141
decision_type=2 2 2 2 2 2 2 2 2 2 2 2 2 2 2 2 2 2 2 2 2 2 2 2 2 2 2 2 2 2
left_child=2 5 3 4 -1 13 7 9 21 -3 27 26 -10 14 15 -2 19 -17 -18 -16 -19 23 -23 -8 25 -15 28 -11 -9 -5
right_child=1 6 -4 29 -6 -7 8 11 12 10 -12 -13 -14 24 16 17 18 20 -20 -21 -22 22 -24 -25 -26 -27 -28 -29 -30 -31
leaf_value=-0.00053818345843971557 0.0014612889647123819 0.0055156930943176287 0.011650859404598243 0.0012747932225465775 0.01647887879076439 -0.018664234986288414 0.006073592022238743 0.0098866996928942789 -0.0082389713522273197 0.00233284427383122 0.0083701896803911064 -0.0086463678395375613 0.0052735717680175292 -5.9007524202267334e-05 0.0055042674104770414 -0.013416024049950124 -0.0097825370845384899 -0.0073074680936865907 0.0053916748314122749 -0.0076219314048367173 0.0057445676185236107 -0.0030970671221673971 0.014851433285714491 -0.0042503993630693378 -0.0025936950163992301 -0.018689956494296594 0.011690876709577521 -0.008547438636990163 0.0021388263687703427 -0.013314947844165462
leaf_weight=67 109 103 82 29 27 21 53 86 171 37 47 22 33 20 190 112 66 66 22 21 31 21 36 108 63 50 103 172 236 34
leaf_count=67 109 103 82 29 27 21 53 86 171 37 47 22 33 20 190 112 66 66 22 21 31 21 36 108 63 50 103 172 236 34
internal_value=-0.000399622 -0.000996698 0.0044338 0.000192441 0.00546422 -0.004328 0.00111292 0.00266427 -0.00184316 -0.000936629 -0.00364244 0.00551348 -0.00590883 -0.00368628 -0.00237491 -0.00543507 0.000950273 -0.00893422 -0.00582591 0.0039121 -0.00298916 0.00205371 0.00876354 -0.000695385 -0.00917837 -0.0140396 0.00642838 -0.00660269 0.0044436 -0.00734439
internal_weight=2238 1999 239 157 94 771 1228 806 422 359 256 447 204 750 617 318 299 209 88 211 97 218 57 161 133 70 425 209 322 63
internal_count=2238 1999 239 157 94 771 1228 806 422 359 256 447 204 750 617 318 299 209 88 211 97 218 57 161 133 70 425 209 322 63
is_linear=0
shrinkage=0.05


Tree=2
num_leaves=31
num_cat=0
split_feature=3 20 48 12 18 13 8 7 8 13 16 12 8 7 16 8 16 15 20 11 4 12 14 12 15 5 5 17 19 18
split_gain=2.89287 2.65175 2.68066 3.61898 3.26313 3.2395 3.20175 2.71818 2.93325 3.59881 3.32058 2.18082 2.05557 2.25407 2.0308 2.33273 1.8406 1.82065 2.00735 1.88551 3.60601 3.55369 2.93794 2.56556 2.00471 1.75493 2.52779 1.92837 1.73005 1.98504
threshold=-1.8133086967048662 0.037681689528043287 -1.0000000180025095e-35 0.15283980666273136 0.36884030976840837 2.0554242612670066 -0.80731767876554927 0.28339434558619864 1.0462309580804816 1.0362924754248319 -0.4252411023333128 0.33802697561350609 1.1634661921826279 0.32867836734066708 -0.92383733081471131 0.63094727087687685 0.014623751181930574 -0.17616952660728141 0.1917465900221704 -0.067846852448834108 1.2535852262826703 0.26056079542119293 0.27398034872154819 0.17291200376554425 -0.38890210917222984 0.26283282585598594 0.41792236405691008 0.86939830073480007 0.087631176890938453 0.46887489905415464
decision_type=2 2 2 2 2 2 2 2 2 2 2 2 2 2 2 2 2 2 2 2 2 2 2 2 2 2 2 2 2 2
left_child=-1 25 4 -4 5 7 17 8 10 -10 14 12 28 -14 -3 -16 -12 19 -19 22 23 -22 24 -21 -5 27 -27 -2 29 -8
right_child=1 2 3 6 -6 -7 11 -9 9 -11 16 -13 13 -15 15 -17 -18 18 -20 20 21 -23 -24 -25 -26 26 -28 -29 -30 -31
leaf_value=0.01031060977994154 0.00029767136450628844 0.0064659496680139865 0.0052521153360533101 0.0020101987576532747 -0.0036799537975589127 -0.011117286776954477 -0.015279639323050967 0.012260912169835398 0.0061670828610658653 -0.012208337558158597 0.016495249159028117 -0.010654307254843516 0.0043808978334125342 -0.0061842090793652466 -0.015949698736178963 0.0038154499605298044 0.0022424698244625082 0.0054056123378827719 -0.0095759062096476555 -0.0061295488005271188 -0.013687110355846127 0.005995717607438565 0.0095167220547431857 0.010013414209313041 -0.009744273176495134 -0.0098521540407091393 0.0093932910015185681 0.014399104994156392 -0.0039280318583893607 0.00083325555803158381
leaf_weight=50 39 37 132 52 189 23 68 95 39 51 63 137 127 70 24 21 38 23 75 22 39 35 31 156 91 30 20 56 423 24
leaf_count=50 39 37 132 52 189 23 68 95 39 51 63 137 127 70 24 21 38 23 75 22 39 35 31 156 91 30 20 56 423 24
internal_value=-0.000528518 -0.000816492 -0.00127999 -0.00238875 0.00158877 0.0041638 -0.00315601 0.00538771 0.00264721 -0.00442522 0.00617451 -0.00503499 -0.00382115 0.000509402 -0.00130556 -0.00770929 0.0118179 -7.43453e-05 -0.00588488 0.00136667 0.00406573 -0.00477216 -0.00255084 0.0077983 -0.0056179 0.0055009 -0.00187146 0.00918978 -0.00545585 -0.0114067
internal_weight=2280 2230 2085 1505 580 391 1373 368 273 90 183 849 712 197 82 45 101 524 98 426 252 74 174 178 143 145 50 95 515 92
internal_count=2280 2230 2085 1505 580 391 1373 368 273 90 183 849 712 197 82 45 101 524 98 426 252 74 174 178 143 145 50 95 515 92
is_linear=0
shrinkage=0.05


Tree=3
num_leaves=31
num_cat=0
split_feature=14 2 5 11 13 20 16 13 13 10 20 1 8 12 20 5 16 5 7 1 18 1 18 14 2 20 19 17 12 19
split_gain=2.92407 2.81502 3.6873 2.86248 2.7448 3.00165 3.75726 3.49876 2.62604 3.08029 3.16079 2.74542 2.50628 2.25003 2.09808 2.16507 1.9872 2.57948 1.9397 2.73426 3.17888 2.61355 2.79776 2.10446 1.96886 1.90515 1.7291 2.02044 1.59692 1.49731
threshold=0.26658157528875781 -0.54334037065379437 -0.097824325390173772 -0.38981834649082076 0.98966922553886205 0.5001691355061525 -0.18164131308479556 1.2050367112686531 2.1168917823194708 0.39616193034434466 0.46070956559288057 0.39586508664521192 1.396366493892091 0.18807346806463068 0.57605678247508452 -0.051690180381334362 -0.20975777489171399 0.15654296766073048 -0.11451285854492638 -1.0285332491771138 -0.58059097740113852 0.69785909681847935 0.46215857693542489 0.028889804542841395 0.65775391517561921 0.70780495737819582 0.059620078175620851 0.57553953770784461 0.34383657525746913 0.31909385777809579
decision_type=2 2 2 2 2 2 2 2 2 2 2 2 2 2 2 2 2 2 2 2 2 2 2 2 2 2 2 2 2 2
left_child=4 -2 3 -3 -1 7 14 16 9 26 11 -11 -13 -9 -7 -16 29 -18 19 20 -15 22 23 -21 -20 -8 -4 -28 -25 -6
right_child=1 2 8 -5 5 6 25 13 -10 10 -12 12 -14 18 15 -17 17 -19 24 21 -22 -23 -24 28 -26 -27 27 -29 -30 -31
leaf_value=0.0038384218212531365 0.010669050685130061 0.0032639254203864509 -0.0027796592242366664 -0.016667883015116274 -0.011386201083794451 -0.0074818863372467922 -0.017837269990995993 0.0061486139691032532 -0.01136799414952596 -0.010448672377812752 0.0098934523044870454 0.013870862206385937 -0.0020429184588998022 0.0066153007191280993 -0.0053558081165990899 0.009143756672976509 0.0076284010108316038 -0.0075339129346852695 -0.0045876661185977755 -0.0016854703186019776 -0.011266790208737215 -0.0059654337217713276 -0.0021795105013363769 0.017703430074681011 0.0029287865044212167 -0.0024978972272947431 -0.0025075694245676843 0.013105944523003198 0.0013533975013221306 -0.0025664076019002468
leaf_weight=233 90 25 23 36 120 71 70 153 20 64 55 22 101 33 35 53 51 42 302 21 52 31 43 80 113 32 21 127 20 88
leaf_count=233 90 25 23 36 120 71 70 153 20 64 55 22 101 33 35 53 51 42 302 21 52 31 43 80 113 32 21 127 20 88
internal_value=-1.4698e-06 0.00300742 0.00142758 -0.00918993 -0.0010827 -0.00191721 -0.0066527 -0.0007934 0.00309704 0.00404971 0.000345144 -0.00282283 0.00163236 0.000860832 -0.00160348 0.00341883 -0.00533166 0.000714262 -0.000373943 0.00278442 -0.00435877 0.00595885 0.00842613 0.0120737 -0.00252026 -0.0136776 0.00898371 0.010872 0.0148537 -0.00794364
internal_weight=2227 584 494 61 1643 1410 261 1149 433 413 242 187 123 848 159 88 301 93 695 280 85 195 164 121 415 102 171 148 100 208
internal_count=2227 584 494 61 1643 1410 261 1149 433 413 242 187 123 848 159 88 301 93 695 280 85 195 164 121 415 102 171 148 100 208
is_linear=0
shrinkage=0.05


Tree=4
num_leaves=31
num_cat=0
split_feature=0 16 0 20 20 13 3 29 3 13 0 3 19 19 15 1 16 1 16 17 7 15 9 3 8 0 12 20 19 19
split_gain=3.33505 3.91586 3.48923 4.21506 2.95104 2.03216 2.06491 2.02708 2.03 1.58089 2.77889 2.55033 2.21673 3.1232 1.98647 1.97496 2.32181 2.30993 2.10736 1.99529 2.82117 2.07138 1.84442 1.70249 2.0262 1.56111 1.54694 1.84298 1.52952 2.10875
threshold=2.4843954003881206 0.50294831471144585 0.39667322823749446 0.23382742531327597 0.53267392715281214 0.64706251294223371 -1.8133086967048662 1.0000000180025095e-35 -1.3229008953148058 1.9667272322845804 -0.53286429133589019 2.0643830534492387 0.098780949051346545 0.039114737094071657 0.3447871384116441 0.22440735233716083 -0.20604933218322743 0.79334215152099019 -0.12921817350223222 0.62248218579006809 -0.25180768602019526 -0.19412245803031208 -0.62352392227632392 1.1610174836370983 -1.0162579742107054 -0.1560501634457814 0.21858786228114654 0.17779137449022142 0.17026918099233954 0.30105851795195704
decision_type=2 2 2 2 2 2 2 2 2 2 2 2 2 2 2 2 2 2 2 2 2 2 2 2 2 2 2 2 2 2
left_child=1 5 4 -4 7 -1 -7 8 -3 11 -11 12 13 26 -13 16 19 28 -19 21 -21 22 -14 24 -12 -24 -8 -28 -17 -30
right_child=-2 2 3 -5 -6 6 9 -9 -10 10 23 14 15 -15 -16 17 -18 18 -20 20 -22 -23 25 -25 -26 -27 27 -29 29 -31
leaf_value=0.0094793259600798301 -0.013227158835997769 0.015542637823861749 0.0058456322868933319 -0.014133387470487938 -0.0026060146474561029 0.010780819792832647 0.0077247461024671799 0.020472317294528086 -0.00059567441715410469 0.0034950288012623788 -0.0016036000376676814 -0.0034503508501896457 -0.017411076493391936 -0.008680508739026092 0.01344673875361108 0.0013128475552158696 0.0047609729871440397 0.0065058619871247308 -0.0038151317993955071 0.010167909359044739 -0.00070234791845882926 -0.00022403092505532057 -0.01186450922396034 -0.00095709335472848693 -0.01969836269106184 0.0023061989182782063 -0.012842219827636595 0.0020670003554021771 -0.012027466666939504 -0.003020031585481189
leaf_weight=35 41 24 59 33 33 25 45 50 44 46 24 21 34 206 42 67 263 93 86 66 273 143 22 35 46 43 21 56 109 164
leaf_count=35 41 24 59 33 33 25 45 50 44 46 24 21 34 206 42 67 263 93 86 66 273 143 22 35 46 43 21 56 109 164
internal_value=-0.000585616 -0.0002923 0.00556592 -0.00200379 0.0100159 -0.00104126 -0.00127993 0.0134736 0.00636261 -0.00149368 -0.0062421 -0.00105182 -0.00143897 -0.00506454 0.00811328 -0.000535959 0.000955436 -0.00293349 0.00160768 -0.000818618 0.00164469 -0.00419762 -0.00939012 -0.0104409 -0.0144704 -0.00343248 0.00123617 -0.00300789 -0.0053019 -0.00691433
internal_weight=2249 2208 243 92 151 1965 1930 118 68 1905 151 1754 1691 328 63 1363 844 519 179 581 339 242 99 105 70 65 122 77 340 273
internal_count=2249 2208 243 92 151 1965 1930 118 68 1905 151 1754 1691 328 63 1363 844 519 179 581 339 242 99 105 70 65 122 77 340 273
is_linear=0
shrinkage=0.05


Tree=5
num_leaves=31
num_cat=0
split_feature=10 10 11 3 12 16 3 0 1 4 17 11 6 20 6 13 11 7 7 16 4 12 20 1 5 0 15 17 0 5
split_gain=3.69136 3.10348 3.61361 2.53972 2.41733 2.17488 2.39357 2.48511 3.57947 2.22734 2.16492 2.12684 1.99821 1.87129 2.21315 1.86573 1.88442 2.84734 2.62489 1.81415 1.73465 1.64627 1.6184 1.58021 1.5575 1.50337 1.47073 1.36032 2.22098 1.73612
threshold=-0.32006106919956839 -0.36679815214434858 -0.41328845217694615 0.32306597710683521 0.16309724817103446 -0.63100740858855109 2.7476442494649249 0.39667322823749446 0.56468725440161338 1.0940666518248079 0.75722999078598918 0.43563000755442349 -0.13343188708123246 0.66569445343576528 0.23653649203367036 1.0362924754248319 0.24519679491365273 0.52355504054013979 0.29656340954127386 0.024652718278692112 0.93171179226190781 0.25097831591507097 0.52254154241328665 1.2359943133847828 -0.046507608910824692 0.88291333843121056 0.20756857122239988 1.6216727184772004 1.5653595957744864 -0.33970108523156178
decision_type=2 2 2 2 2 2 2 2 2 2 2 2 2 2 2 2 2 2 2 2 2 2 2 2 2 2 2 2 2 2
left_child=1 12 -3 4 -2 20 7 11 19 10 25 13 -1 14 -7 -6 17 27 24 26 -5 -14 -13 -11 -18 -10 -9 28 29 -17
right_child=3 2 -4 5 15 6 -8 8 9 23 -12 22 21 -15 -16 16 18 -19 -20 -21 -22 -23 -24 -25 -26 -27 -28 -29 -30 -31
leaf_value=0.0054809769971126861 0.0032705183361747092 -0.0014823059733139307 0.018490296084847715 -0.0064624882054615867 0.0019521488904677056 0.0058192652493819661 -0.0091082460225321536 0.0074642586696427315 -0.0030752614373341204 0.017294977537284678 -0.0079043314390783697 -0.0082438890765212016 0.0033788717351853851 -0.0036055470188689786 0.016723048493325239 0.0093947287648916255 -0.0049771904814847265 -0.016063178984913978 0.0044290881095962091 -0.013463657710235567 0.0012281049205533539 -0.010823368813241058 0.0057067649942394855 0.0026342205883372787 -0.017358735634958093 0.012605502259890168 -0.0065693316774235837 -0.010309591049209555 0.011447240445613717 -0.0028866158271155153
leaf_weight=100 145 31 62 138 125 280 33 22 22 29 48 39 29 33 53 21 56 30 23 50 140 38 27 43 63 24 35 37 22 460
leaf_count=100 145 31 62 138 125 280 33 22 22 29 48 39 29 33 53 21 56 30 23 50 140 38 27 43 63 24 35 37 22 460
internal_value=1.37005e-05 0.00550255 0.0123352 -0.00072441 -0.00252549 0.00102405 0.00243704 0.00309729 -0.000631582 0.00389685 -0.00123339 0.00541471 0.0012156 0.00687793 0.00799166 -0.00355634 -0.00453707 -0.00314869 -0.00953633 -0.0073896 -0.00268136 -0.00503566 -0.00253685 0.00992827 -0.0123696 0.00589605 -0.000847219 -0.0021522 -0.00136289 -0.00217001
internal_weight=2258 260 93 1998 982 1016 738 705 273 166 94 432 167 366 333 837 712 570 142 107 278 67 66 72 119 46 57 540 503 481
internal_count=2258 260 93 1998 982 1016 738 705 273 166 94 432 167 366 333 837 712 570 142 107 278 67 66 72 119 46 57 540 503 481
is_linear=0
shrinkage=0.05


Tree=6
num_leaves=31
num_cat=0
split_feature=48 15 20 13 12 1 1 13 13 0 1 13 19 19 20 20 1 4 46 12 12 1 11 4 19 50 1 8 4 3
split_gain=2.99811 3.23623 3.09772 2.58604 2.55321 2.43769 1.90515 1.71893 3.18201 3.00582 2.57611 2.33726 2.1267 2.71347 2.53883 1.74332 1.69323 2.15457 1.90501 2.24044 1.62988 1.62894 1.58235 1.57223 1.54095 2.10058 1.95191 1.52636 2.31536 1.87614
threshold=-1.0000000180025095e-35 -0.34312760009352478 0.085905328262611283 1.4072032023759287 0.15283980666273136 -0.65431729933675975 0.43548447114328664 1.5560495285136124 1.5830815023522942 -0.27424358107098129 0.99430798078262761 1.0392286776323616 0.19506881044649146 0.27764938674411727 0.38245228218179567 0.5001691355061525 -1.2936467889500112 -0.79909690251267962 -1.0000000180025095e-35 0.31010445776164747 0.25836290242267612 -0.24118804488787013 -0.22053884285949732 2.819757289717542 0.2629778542801357 1.0000000180025095e-35 0.58907817961936426 1.3303697205210872 1.9451680733970831 1.5514161135617177
decision_type=2 2 2 2 2 2 2 2 2 2 2 2 2 2 2 2 2 2 2 2 2 2 2 2 2 2 2 2 2 2
left_child=2 -2 3 -1 6 -4 -3 10 -9 16 11 20 -13 -14 22 -16 -10 -18 -19 -20 21 -6 -15 24 25 -11 -26 -7 29 -29
right_child=1 4 5 -5 7 27 -8 8 9 23 -12 12 13 14 15 -17 17 18 19 -21 -22 -23 -24 -25 26 -27 -28 28 -30 -31
leaf_value=0.0013717496884055437 0.0044873085119545393 0.00013080680842373721 0.014610887813104087 -0.014118725451272587 -0.011128536134783644 0.00067392277591612332 0.012343473193765272 0.015254015281971079 0.013240281139392544 -0.012351860313543253 0.003944230304433422 -0.010060459090547855 0.0028543605677489388 -0.017196150218962498 0.0079576490605448146 -0.0068338106865329408 -0.0097227527540834514 -0.005390502411339964 0.016279601240636443 -0.001099458672106266 0.0081215794198215008 0.00045317499981527889 -0.0059690960585072209 0.006794475658886856 0.0030523910112877158 0.0026495840568612847 -0.0092747339408616632 0.0069567898199525916 0.016693239619748459 -0.0034413512275552507
leaf_weight=68 227 86 47 33 30 242 41 22 31 95 88 225 104 43 37 25 24 25 34 30 38 123 128 21 84 26 39 123 35 57
leaf_count=68 227 86 47 33 30 242 41 22 31 95 88 225 104 43 37 25 24 25 34 30 38 123 128 21 84 26 39 123 35 57
internal_value=0.000192755 -0.000926928 0.00316816 -0.00450548 -0.00183105 0.00476367 0.00468668 -0.00251328 5.80367e-05 -0.0011039 -0.00381623 -0.00476297 -0.00636209 -0.00367409 -0.00658562 0.00187259 0.00451905 0.00124458 0.00488542 0.00908546 2.47097e-05 -0.00236116 -0.00958636 -0.00421261 -0.00539015 -0.00917222 -0.00125968 0.00345976 0.00642613 0.00365622
internal_weight=2231 1626 605 101 1399 504 127 1272 431 409 841 753 562 337 233 62 144 113 89 64 191 153 171 265 244 121 123 457 215 180
internal_count=2231 1626 605 101 1399 504 127 1272 431 409 841 753 562 337 233 62 144 113 89 64 191 153 171 265 244 121 123 457 215 180
is_linear=0
shrinkage=0.05


Tree=7
num_leaves=31
num_cat=0
split_feature=3 10 10 12 9 18 16 19 19 4 6 11 16 18 1 3 12 11 4 19 0 16 10 19 3 13 13 16 1 2
split_gain=2.96823 3.54807 4.4654 3.12308 2.80585 2.62776 2.55182 2.08152 2.45685 2.0799 2.31512 3.48921 3.80371 2.01703 1.99865 1.98923 1.96856 1.87323 1.8602 1.80558 1.95358 1.75977 1.6454 2.39184 1.7248 1.54599 1.50032 1.63253 1.92226 2.34612
threshold=0.42005303418017936 -0.32006106919956839 -0.37047352398740169 0.37412185990599084 -1.5425239845333987 0.35251842441782211 -1.5507345704062854 0.22391640590454515 0.30286539736667623 2.9542067619711307 0.17464721688147899 0.34767087819276099 -0.77264069958070702 -0.4862411252062086 0.58907817961936426 0.65648335198353702 0.37412185990599084 -0.43040662716524397 0.91684621441566094 0.26459793222897665 1.1942902312163077 0.0076807680269810824 0.39758617349814512 0.34024936683137413 1.6083638554677051 1.0896327288101129 0.98966922553886205 -0.43472168840901082 0.46049398468214381 0.73700142645826605
decision_type=2 2 2 2 2 2 2 2 2 2 2 2 2 2 2 2 2 2 2 2 2 2 2 2 2 2 2 2 2 2
left_child=1 2 3 4 13 9 -3 25 -9 10 11 12 18 -1 15 -7 -12 -4 -2 20 -16 -17 23 24 -18 -8 -10 -28 -29 -30
right_child=5 6 17 -5 -6 14 7 8 26 -11 16 -13 -14 -15 19 21 22 -19 -20 -21 -22 -23 -24 -25 -26 -27 27 28 29 -31
leaf_value=-0.0017299361992627383 -0.0095739083059809427 0.0084851105301145553 -0.00061212538076298585 0.0098677632615490028 0.001388066136588653 0.0054376097654716838 -0.0005707769109361253 0.0038166695056398485 0.0036065687044438996 -0.0078472702587778498 0.012342992843883677 -0.0064564083489038211 0.0094137777405444018 -0.020542722570366767 0.011202057483817706 -0.0035099436015802992 0.0077126492354038512 0.014721501136527343 0.0046995033801067627 -0.0055704183980886798 -0.00062577212754659722 -0.015994561434490608 -0.0018931200493534563 0.017403076078074103 -0.0081868225288006576 -0.0073812052423492883 -0.0087242978461859692 0.0028156099089866747 -0.011748845160336179 0.0050882990105134071
leaf_weight=26 45 37 25 33 65 26 109 155 56 27 122 88 143 28 56 88 28 75 31 48 72 38 70 29 21 370 137 105 58 23
leaf_count=26 45 37 25 33 65 26 109 155 56 27 122 88 143 28 56 88 28 75 31 48 72 38 70 29 21 370 137 105 58 23
internal_value=-0.00020156 -0.00173816 0.00349397 -0.00194125 -0.0057271 0.00194072 -0.00301498 -0.00351386 -0.00132702 0.00387489 0.00454775 0.0014943 0.00483154 -0.0131703 -0.00163024 -0.00565407 0.00784227 0.0111809 -0.00388239 0.00196203 0.00498567 -0.00817436 0.00358582 0.00815919 0.000665918 -0.00587481 -0.00347468 -0.00477383 -0.00156741 -0.00693415
internal_weight=2234 1302 252 152 119 932 1050 1013 534 604 577 307 219 54 328 152 270 100 76 176 128 126 148 78 49 479 379 323 186 81
internal_count=2234 1302 252 152 119 932 1050 1013 534 604 577 307 219 54 328 152 270 100 76 176 128 126 148 78 49 479 379 323 186 81
is_linear=0
shrinkage=0.05


Tree=8
num_leaves=31
num_cat=0
split_feature=19 20 0 1 17 44 12 8 11 1 53 2 19 13 17 13 0 2 5 13 17 16 17 11 1 0 18 20 17 16
split_gain=2.50514 2.66211 2.65393 2.5522 2.52686 2.50294 2.18828 3.39959 3.05352 5.03168 2.771 2.55759 2.28317 2.1389 2.09357 3.2343 2.46797 2.10927 3.87367 2.00156 1.94234 1.89921 2.41 1.81011 1.74509 1.96456 2.36337 1.66691 1.66094 1.49785
threshold=0.22596597176550828 0.14032849982098103 1.0182339973856631 1.0092112933024355 0.90581686832320785 -1.0000000180025095e-35 0.38345856274970164 -1.0347419509070208 -0.085955512486891025 -0.58570158589796761 1.0000000180025095e-35 1.0757638438416597 0.022081844796267316 1.9667272322845804 0.87648381020025867 1.2469701407230649 -0.34058440795815365 0.22289388197468304 0.07960584755827399 1.0589421550158908 0.84342000992344757 -1.1266090652105081 0.64737845969503971 0.11107281689283073 1.3982370631823573 0.18243305180319375 0.019573367808662746 0.36397889173368925 1.0829569245171744 -0.18164131308479556
decision_type=2 2 2 2 2 2 2 2 2 2 2 2 2 2 2 2 2 2 2 2 2 2 2 2 2 2 2 2 2 2
left_child=1 4 6 -4 20 -6 8 -8 9 -3 11 12 -10 -9 15 -2 28 -17 -19 -11 -1 -14 -23 27 25 26 -25 -18 -16 -29
right_child=14 2 3 -5 5 -7 7 13 10 19 -12 -13 21 -15 16 17 23 18 -20 -21 -22 22 -24 24 -26 -27 -28 29 -30 -31
leaf_value=0.0010276599169596501 0.00066433852724273449 -0.020119197760146881 -0.017082019476220012 0.001059027871972806 -0.0043543107264364762 0.011822560042007052 0.015867675893241541 0.0026597161072044119 0.0082654113487994948 0.0053949689894719861 0.010524186243613561 0.0080035514491437771 0.0042394891417786183 -0.011979154445174518 -0.0023779556814891595 0.010908974213967228 -0.010783805332473657 -0.011007010546035884 0.0079985218464384954 -0.0064514970148835948 -0.012828070633564025 -0.00018510266133860032 -0.0099391204829826878 0.004354368953499943 -0.0084552300845583284 0.0078842823446306966 -0.01273604841488931 0.0084485294237252213 0.010125099221392927 -0.0066486450790294582
leaf_weight=131 448 53 50 27 26 86 30 93 27 42 38 44 41 23 38 164 95 31 68 110 21 98 171 38 35 74 26 21 59 25
leaf_count=131 448 53 50 27 26 86 30 93 27 42 38 44 41 23 38 164 95 31 68 110 21 98 171 38 35 74 26 21 59 25
internal_value=9.37926e-06 -0.00166609 -0.00302582 -0.0113303 0.00264759 0.00801812 -0.00206076 0.00329068 -0.00334501 -0.0081914 -0.000838193 -0.00221163 -0.00373757 -0.000963185 0.00166848 0.00329407 -0.00115511 0.0075852 0.00158346 -0.00304717 -0.00156031 -0.00500862 -0.00651961 -0.00330491 0.000176537 0.00278913 -0.00337146 -0.00730528 0.00546252 0.000521461
internal_weight=2233 1111 847 77 264 112 770 146 624 205 419 381 337 116 1122 711 411 263 99 152 152 310 269 314 173 138 64 141 97 46
internal_count=2233 1111 847 77 264 112 770 146 624 205 419 381 337 116 1122 711 411 263 99 152 152 310 269 314 173 138 64 141 97 46
is_linear=0
shrinkage=0.05


Tree=9
num_leaves=31
num_cat=0
split_feature=0 14 0 13 15 19 1 11 11 11 15 18 4 4 4 17 7 32 4 0 10 1 7 3 13 3 50 14 0 7
split_gain=3.17149 2.53335 2.26637 2.26655 1.92151 2.7737 2.45972 2.20912 2.45841 2.90293 2.6868 2.00332 1.99146 1.9009 1.96026 1.89534 1.8577 1.81339 1.78381 1.72645 1.72448 1.61839 1.60543 1.60536 2.45186 2.76087 2.1849 2.2583 1.94005 1.67735
threshold=2.4843954003881206 0.27648456398929505 -1.0143221936643259 0.98966922553886205 0.41913548198322681 0.098780949051346545 0.41200430283739692 0.35012537463112392 0.089785609702098548 -0.1456043178178674 -0.39728287597200812 -0.091919158216759375 1.0940666518248079 0.58804411021721703 0.97441034200395304 1.3765563705759798 0.16053597447385484 1.0000000180025095e-35 -0.037242637831152572 -0.17149485085571339 0.053757049549455267 0.79334215152099019 0.34976354248504732 2.7476442494649249 1.2587548293208675 1.7176865726351995 -1.0000000180025095e-35 0.42772168885429945 0.78786961769777186 0.28339434558619864
decision_type=2 2 2 2 2 2 2 2 2 2 2 2 2 2 2 2 2 2 2 2 2 2 2 2 2 2 2 2 2 2
left_child=1 2 -1 -4 5 17 7 8 9 10 -7 21 -10 16 -15 -2 -13 18 -5 -19 -14 -8 -6 24 25 26 27 -3 -26 -28
right_child=15 23 3 4 22 6 11 -9 12 -11 -12 13 20 14 -16 -17 -18 19 -20 -21 -22 -23 -24 -25 28 -27 29 -29 -30 -31
leaf_value=0.0044484703012002526 -0.00098348762840032582 0.015886037505191308 0.0026961466276424198 -0.00015970313794572247 0.0088936422041363331 0.015236805235185931 -0.0051314479650252246 -0.0064716158683162453 0.0076024333238439244 -0.0076040539423215163 -0.00057914838623210286 -0.018548571113205983 -0.0052104490562286006 0.0056996824981814086 -0.0074260564312092301 -0.020780792571604253 -0.0041715918104663231 -0.0075579325058920815 -0.015832413320895283 0.0064771532559314299 0.0067064516149306051 0.0088996577798985902 -0.0032750912048682881 -0.0075806223388229094 0.0089516008415591423 -0.012716637853835082 -0.004513097915727393 -0.001900299271154735 -0.0018268829500623818 0.0065149235467863642
leaf_weight=160 22 36 244 23 56 21 34 117 162 131 196 54 73 34 75 20 46 45 80 27 38 29 39 25 206 27 108 26 48 39
leaf_count=160 22 36 244 23 56 21 34 117 162 131 196 54 73 34 75 20 46 45 80 27 38 29 39 25 206 27 108 26 48 39
internal_value=-0.00038942 -0.000100357 -0.00104042 -0.00164192 -0.00248336 -0.00303768 -0.00198413 -0.000459852 0.00075741 -0.00200876 0.00155523 -0.00595689 0.0042299 -0.00822441 -0.00319688 -0.0125941 -0.0129156 -0.00868226 -0.0126565 -0.00214673 -0.000913699 0.00166168 0.00406191 0.00293482 0.00361221 -8.73291e-05 0.00205038 0.00919926 0.00692268 -0.00135869
internal_weight=2241 2199 1684 1524 1280 1185 1010 738 621 348 217 272 273 209 109 42 100 175 103 72 111 63 95 515 490 236 209 62 254 147
internal_count=2241 2199 1684 1524 1280 1185 1010 738 621 348 217 272 273 209 109 42 100 175 103 72 111 63 95 515 490 236 209 62 254 147
is_linear=0
shrinkage=0.05


end of trees

feature_importances:
Column_13=28
Column_1=22
Column_16=20
Column_0=19
Column_12=19
Column_20=18
Column_4=17
Column_7=17
Column_19=17
Column_11=15
Column_3=14
Column_17=14
Column_10=11
Column_5=10
Column_18=10
Column_8=9
Column_15=9
Column_2=6
Column_6=6
Column_14=6
Column_9=3
Column_48=2
Column_50=2
Column_29=1
Column_32=1
Column_44=1
Column_46=1
Column_53=1
Column_57=1

parameters:
[boosting: gbdt]
[objective: huber]
[metric: huber]
[tree_learner: serial]
[device_type: cpu]
[data_sample_strategy: bagging]
[data: ]
[valid: ]
[num_iterations: 10]
[learning_rate: 0.05]
[num_leaves: 31]
[num_threads: 4]
[seed: 0]
[deterministic: 1]
[force_col_wise: 0]
[force_row_wise: 0]
[histogram_pool_size: -1]
[max_depth: -1]
[min_data_in_leaf: 20]
[min_sum_hessian_in_leaf: 0.001]
[bagging_fraction: 0.8]
[pos_bagging_fraction: 1]
[neg_bagging_fraction: 1]
[bagging_freq: 1]
[bagging_seed: 7719]
[bagging_by_query: 0]
[feature_fraction: 0.8]
[feature_fraction_bynode: 1]
[feature_fraction_seed: 2437]
[extra_trees: 0]
[extra_seed: 11797]
[early_stopping_round: 0]
[early_stopping_min_delta: 0]
[first_metric_only: 0]
[max_delta_step: 0]
[lambda_l1: 0]
[lambda_l2: 10]
[linear_lambda: 0]
[min_gain_to_split: 0]
[drop_rate: 0.1]
[max_drop: 50]
[skip_drop: 0.5]
[xgboost_dart_mode: 0]
[uniform_drop: 0]
[drop_seed: 21238]
[top_rate: 0.2]
[other_rate: 0.1]
[min_data_per_group: 100]
[max_cat_threshold: 32]
[cat_l2: 10]
[cat_smooth: 10]
[max_cat_to_onehot: 4]
[top_k: 20]
[monotone_constraints: ]
[monotone_constraints_method: basic]
[monotone_penalty: 0]
[feature_contri: ]
[forcedsplits_filename: ]
[refit_decay_rate: 0.9]
[cegb_tradeoff: 1]
[cegb_penalty_split: 0]
[cegb_penalty_feature_lazy: ]
[cegb_penalty_feature_coupled: ]
[path_smooth: 0]
[interaction_constraints: ]
[verbosity: -1]
[saved_feature_importance_type: 0]
[use_quantized_grad: 0]
[num_grad_quant_bins: 4]
[quant_train_renew_leaf: 0]
[stochastic_rounding: 1]
[linear_tree: 0]
[max_bin: 255]
[max_bin_by_feature: ]
[min_data_in_bin: 3]
[bin_construct_sample_cnt: 200000]
[data_random_seed: 38]
[is_enable_sparse: 1]
[enable_bundle: 1]
[use_missing: 1]
[zero_as_missing: 0]
[feature_pre_filter: 1]
[pre_partition: 0]
[two_round: 0]
[header: 0]
[label_column: ]
[weight_column: ]
[group_column: ]
[ignore_column: ]
[categorical_feature: ]
[forcedbins_filename: ]
[precise_float_parser: 0]
[parser_config_file: ]
[objective_seed: 8855]
[num_class: 1]
[is_unbalance: 0]
[scale_pos_weight: 1]
[sigmoid: 1]
[boost_from_average: 1]
[reg_sqrt: 0]
[alpha: 0.9]
[fair_c: 1]
[poisson_max_delta_step: 0.7]
[tweedie_variance_power: 1.5]
[lambdarank_truncation_level: 30]
[lambdarank_norm: 1]
[label_gain: ]
[lambdarank_position_bias_regularization: 0]
[eval_at: ]
[multi_error_top_k: 1]
[auc_mu_weights: ]
[num_machines: 1]
[local_listen_port: 12400]
[time_out: 120]
[machine_list_filename: ]
[machines: ]
[gpu_platform_id: -1]
[gpu_device_id: -1]
[gpu_device_id_list: ]
[gpu_use_dp: 0]
[num_gpu: 1]

end of parameters

pandas_categorical:null
