tree
version=v4
num_class=1
num_tree_per_iteration=1
label_index=0
max_feature_idx=22
objective=huber
feature_names=Column_0 Column_1 Column_2 Column_3 Column_4 Column_5 Column_6 Column_7 Column_8 Column_9 Column_10 Column_11 Column_12 Column_13 Column_14 Column_15 Column_16 Column_17 Column_18 Column_19 Column_20 Column_21 Column_22
feature_infos=[-15.918055268871294:16.006437224869032] [-13.495633353812371:12.102531195621239] [-9.7661668409075642:9.2667737996193082] [-6.2092890745925233:6.594288384876827] [-2.9951474604452142:3.4418094808340585] [-0.98355945481616036:0.94085356912287865] [-0.81000689788294722:0.7661059149364956] [-3.2837197574172721:3.1743355499739576] [-4.3562179682371518:4.3590610050518359] [-9.1505932754265995:9.4877399005470249] [-0.5:0.5] [-0.5:0.5] [0.0023460680853864867:0.88918984526253853] [0.014186887218987579:5.4706444547330131] [0:0.97629310344811771] [-0.5:0.50000000000000022] [-4.6051701859880909:4.8380759917012162] [0:4.6753194499404005] [-1:1] [0:1] [0:1] [-1:1] [-1:1]
tree_sizes=3148 3193 3170 3194 3180 3192 3187 3173 3178 3170 3191 3198 3168 3183 3180 3180 3166 3192 3187 3180

Tree=0
num_leaves=31
num_cat=0
split_feature=0 19 20 5 1 5 5 0 0 18 20 19 5 19 0 10 18 1 10 20 0 20 7 0 7 10 19 20 0 16
split_gain=1129.1 450.862 305.225 212.819 139.136 133.391 115.228 78.7026 68.1652 46.8431 43.4622 36.6742 34.1152 33.3804 29.9622 29.2845 28.159 26.6882 26.6162 26.2464 25.9391 32.9367 25.7413 21.5431 20.333 19.6957 19.4105 17.1498 14.9369 16.5893
threshold=-0.36842207431035162 0.27722366236882307 0.21849351539596162 -0.014314346152036419 -0.88895240401581355 0.13330952905313939 -0.21401471243806716 0.75269039442270491 0.42603933096365004 -0.36189905560789043 0.40000000000000718 0.55811107159785711 -0.23441195535782353 0.63815848151613652 -1.6317515905860662 0.30856977449412687 -0.59888096606254348 0.57806304884699 -0.25829199338238046 0.80883699673381504 -0.81487115282301514 0.07428178424057659 -0.27912033859967916 -0.88138626992412472 0.18802531845359963 -0.31039379562981134 0.14545454545460099 0.041077676624118042 1.2104428563491074 -0.14136004404921246
decision_type=2 2 2 2 2 2 2 2 2 2 2 2 2 2 2 2 2 2 2 2 2 2 2 2 2 2 2 2 2 2
left_child=2 3 4 8 14 11 22 9 12 -5 -8 25 -2 15 27 20 -14 -11 -10 26 21 -6 -4 -15 -13 -3 28 -1 -9 -30
right_child=1 5 6 7 13 -7 10 19 18 17 -12 24 16 23 -16 -17 -18 -19 -20 -21 -22 -23 -24 -25 -26 -27 -28 -29 29 -31
leaf_value=0.012642782350140738 0.0057624676010140773 0.005542691188814208 0.0080764460768861668 0.0027757729978489061 0.008207057720380705 0.0018286130686036668 0.0036911710849034489 -0.00080186173009844531 0.002699722418352694 0.00072180492925377846 0.0011368236779801418 0.0057890242177694486 0.0054379443480400483 0.015021699972608517 0.0085557223672834311 0.0038488687345059535 0.0024984019475156561 -0.00089248423449223924 0.00035365365593961057 -0.0093177078841021974 0.0055787838151204767 0.0054245304415078723 0.0048421618276160983 0.0082272372912751517 0.0030224304142006733 0.003588732663757763 0.00024957171502611739 0.0095399231569770204 -0.0036123395572264668 -0.0013468081436274191
leaf_weight=9485 13373 15209 13338 21816 30622 67537 39085 30551 18216 91068 29001 53266 9701 1450 28161 12699 50576 35662 35953 998 47205 16335 11443 6032 7587 84592 18291 8624 14457 18584
leaf_count=9485 13373 15209 13338 21816 30622 67537 39085 30551 18216 91068 29001 53266 9701 1450 28161 12699 50576 35662 35953 998 47205 16335 11443 6032 7587 84592 18291 8624 14457 18584
internal_value=0.00315848 0.00195496 0.00594753 0.000850998 0.00726678 0.00369298 0.00366568 -5.33923e-05 0.00248859 0.000635634 0.00260304 0.00447676 0.00347883 0.00633013 0.00958024 0.00610352 0.00297181 0.000267268 0.00114239 -0.00128788 0.00640747 0.00723981 0.0065843 0.00955824 0.00544415 0.00388672 -0.00118852 0.0111695 -0.00160166 -0.00233979
internal_weight=840917 587437 253480 359246 160613 228191 92867 231427 127819 148546 68086 160654 73650 114343 46270 106861 60277 126730 54169 82881 94162 46957 24781 7482 60853 99801 81883 18109 63592 33041
internal_count=840917 587437 253480 359246 160613 228191 92867 231427 127819 148546 68086 160654 73650 114343 46270 106861 60277 126730 54169 82881 94162 46957 24781 7482 60853 99801 81883 18109 63592 33041
is_linear=0
shrinkage=1


Tree=1
num_leaves=31
num_cat=0
split_feature=0 19 20 15 1 15 18 7 0 15 15 19 1 5 20 10 18 19 11 17 0 19 0 20 20 20 20 18 5 0
split_gain=1074.34 412.358 265.121 244.556 133.443 128.962 124.154 92.5361 76.7506 41.5403 38.0227 38.0093 37.7022 37.0802 32.0002 28.2174 26.8075 26.1752 24.2506 24.1667 23.1925 19.3751 18.7728 21.7999 17.8539 15.8541 15.448 14.4622 14.2569 14.0131
threshold=-0.44194064555194101 0.30000000000000343 0.21849351539596162 -0.19101338076704563 -0.96697884062797923 0.29591933547613752 -0.34614670778370066 -0.29522907633530765 0.89291228557697322 -0.015672887695521161 -0.29199065803697527 0.65134371128534274 -0.82157578687538602 -0.043174792184675105 0.36376474343034043 0.30856977449412687 0.10962665220991995 0.55811107159785711 -0.35835299855691743 0.48510268158008574 -1.6317515905860662 0.15893910759680049 -0.81487115282301514 0.052487682667250658 0.44118214196592009 0.25310366351741015 0.020833333333335216 -0.52455687188644939 0.20300628447950994 1.3084260797288707
decision_type=2 2 2 2 2 2 2 2 2 2 2 2 2 2 2 2 2 2 2 2 2 2 2 2 2 2 2 2 2 2
left_child=2 3 4 10 20 9 24 -4 13 17 -2 15 -9 -8 -14 22 -10 -3 -18 -15 26 29 23 27 -5 -11 -1 -6 -7 -20
right_child=1 5 7 6 11 28 8 12 16 25 -12 -13 14 19 -16 -17 18 -19 21 -21 -22 -23 -24 -25 -26 -27 -28 -29 -30 -31
leaf_value=0.0098062976122911 0.0019489385746859185 0.0013519139250455562 0.0039238541003611136 0.00074285850611627876 0.0046660564433872757 -0.00066485614671574385 -0.00095520305260835079 0.0019856347375395334 -0.011388469274540312 0.00098288297533231689 -0.00040737543086925664 0.0073985651894050266 0.0004216535390476762 -0.0015404916171334825 -0.002183493873942162 0.00083385386153611921 -3.3432729097411874e-05 0.0030197704040621411 -0.0037806585253565665 -0.0030307688065568778 0.0057003733187248867 -0.0027288394943256323 0.0026526042855101201 0.0028376500444078044 -0.0017076351664648708 -0.00053629190554636776 0.0067763745692639953 0.0090846546125037553 -0.0024085697107890554 -0.0052379185901550301
leaf_weight=7725 33617 56554 17512 28797 27694 22019 38558 15080 1241 54498 34872 5559 23482 35329 23654 11621 3678 40307 30506 118772 22912 18148 40683 20351 10008 25066 9566 1989 25083 36369
leaf_count=7725 33617 56554 17512 28797 27694 22019 38558 15080 1241 54498 34872 5559 23482 35329 23654 11621 3678 40307 30506 118772 22912 18148 40683 20351 10008 25066 9566 1989 25083 36369
internal_value=0.00010718 -0.000981759 0.00303904 -0.00196331 0.00429043 0.00073035 -0.00254135 0.000714243 -0.00290548 0.00135089 0.000749309 0.00337374 -0.000189655 -0.00234226 -0.000885859 0.0031544 -0.00411154 0.0020462 -0.00400846 -0.00268923 0.00674922 -0.00418039 0.00345155 0.00410051 0.000110587 0.000504272 0.00813492 0.0049651 -0.00159374 -0.00457383
internal_weight=841250 613422 227828 389895 148100 223527 321406 79728 282601 176425 68489 107897 62216 192659 47136 102338 89942 96861 88701 154101 40203 85023 90717 50034 38805 79564 17291 29683 47102 66875
internal_count=841250 613422 227828 389895 148100 223527 321406 79728 282601 176425 68489 107897 62216 192659 47136 102338 89942 96861 88701 154101 40203 85023 90717 50034 38805 79564 17291 29683 47102 66875
is_linear=0
shrinkage=0.05


Tree=2
num_leaves=31
num_cat=0
split_feature=18 19 1 15 20 15 13 13 20 19 19 6 15 10 4 13 5 15 5 20 13 1 4 6 13 15 5 13 4 15
split_gain=929.653 537.116 268.955 214.792 118.72 111.202 76.3051 69.7152 67.8238 64.809 50.0275 48.1205 41.8624 41.1027 37.4282 29.1711 28.2531 25.1469 24.0353 20.6003 19.5012 19.3815 18.9243 21.4505 18.8766 17.6642 15.3807 13.8414 13.1215 12.9849
threshold=-0.34614670778370066 0.3525607943622639 -0.82157578687538602 -0.14669095601845869 0.23365850008317207 0.22593059115517414 1.0324032945894028 1.027994228484981 0.17213323062938737 0.1322893310911758 0.55811107159785711 -0.045036368955911212 -0.30001502030085708 0.35951532615200388 1.2695683387263863 1.0974359186192493 -0.4150073132142858 0.41676775774769664 -0.17826825034900165 0.40000000000000718 1.2102769725401739 1.3117937306449894 -0.56939264963033487 0.048226871928293141 1.2521662067831811 0.030936599357004328 0.22040831458796992 0.805888703202018 -0.56939264963033487 0.21170906561294187
decision_type=2 2 2 2 2 2 2 2 2 2 2 2 2 2 2 2 2 2 2 2 2 2 2 2 2 2 2 2 2 2
left_child=2 3 8 12 7 10 27 -4 24 11 -3 21 -2 22 20 -12 -10 -11 -6 -20 -13 -8 -9 29 -1 28 -7 -5 -17 -24
right_child=1 5 4 6 18 26 9 13 16 17 15 14 -14 -15 -16 25 -18 -19 19 -21 -22 -23 23 -25 -26 -27 -28 -29 -30 -31
leaf_value=0.0049258235216782884 0.0019989296632052524 0.00092203671733328315 0.0010061743706420406 -0.000921304418214437 0.0019392506009271598 3.1877166479818629e-07 -0.0017748816664442226 0.0022454002169429274 0.0065674458624242586 -0.0017591907299036409 0.0014817833729305135 -0.0038133810628599263 -0.00054061692055253584 -0.00089878139393937328 -0.0022044163224935859 0.0025710884968766796 0.0024527198963459926 -0.0041780963878373387 0.00027164319564361428 -0.001649221185911995 -0.0055226271612465704 -0.0054809975226285763 0.0051951300033252273 0.002859996402264732 0.0070396509151295882 0.0021342337949984084 -0.0016694632473919773 -0.0021249862773743077 0.0049195556471492386 0.0022642449921211508
leaf_weight=16809 23395 64568 52792 43743 11611 31485 26256 18655 5052 64907 24736 24244 52907 5351 14198 8144 23906 12877 32389 24515 54369 4070 31303 22294 29021 13738 24530 52665 22436 4323
leaf_count=16809 23395 64568 52792 43743 11611 31485 26256 18655 5052 64907 24736 24244 52907 5351 14198 8144 23906 12877 32389 24515 54369 4070 31303 22294 29021 13738 24530 52665 22436 4323
internal_value=0.000139392 -0.00102833 0.00250513 -0.00212829 0.00156161 0.00113887 -0.00273558 0.00242337 0.00506857 -0.00329044 0.00192276 -0.00400421 0.000238195 0.00333635 -0.00456928 0.0028582 0.00317259 -0.00216012 -0.000132946 -0.000556035 -0.00499605 -0.00227392 0.00363238 0.00407864 0.00626561 0.00362594 -0.000731077 -0.00157899 0.00429516 0.00484022
internal_weight=841289 563268 278021 373631 203233 189637 297329 134718 74788 200921 133622 123137 76302 81926 92811 69054 28958 77784 68515 56904 78613 30326 76575 57920 45830 44318 56015 96408 30580 35626
internal_count=841289 563268 278021 373631 203233 189637 297329 134718 74788 200921 133622 123137 76302 81926 92811 69054 28958 77784 68515 56904 78613 30326 76575 57920 45830 44318 56015 96408 30580 35626
is_linear=0
shrinkage=0.05


Tree=3
num_leaves=31
num_cat=0
split_feature=0 15 20 19 1 19 15 7 0 15 18 19 18 1 0 20 0 20 5 0 17 5 19 19 20 20 5 4 11 0
split_gain=943.581 368.578 241.112 192.275 115.986 104.538 85.2865 81.7595 71.7819 53.8735 48.3051 36.7282 33.4888 32.1844 27.3384 25.9368 28.1301 24.261 21.9393 20.9986 19.0875 19.0414 17.6993 17.5201 17.2621 17.0525 16.669 16.422 15.8178 15.1505
threshold=-0.44194064555194101 -0.019373555080091417 0.21849351539596162 0.26981362225577427 -0.88895240401581355 0.34321321681965938 -0.30001502030085708 -0.29522907633530765 0.89291228557697322 0.32023440326568287 -0.49819565394317239 0.65134371128534274 -0.40682383535143479 -0.82157578687538602 -1.8509341111450668 0.041077676624118042 -1.0419612645920744 0.36120187905648521 -0.024539821550686718 0.89291228557697322 0.56203888033052218 -0.1350307805855113 0.10457516339869445 0.15893910759680049 0.31161680558167831 0.026449844275526727 -0.26361897826643826 1.5056048956029893 -0.35835299855691743 1.2737478374687969
decision_type=2 2 2 2 2 2 2 2 2 2 2 2 2 2 2 2 2 2 2 2 2 2 2 2 2 2 2 2 2 2
left_child=2 5 4 8 14 6 26 -4 10 24 -3 15 -8 -9 25 16 -6 -15 -12 21 -20 -14 28 -21 -5 -1 -2 -22 -10 -30
right_child=1 3 7 9 11 -7 12 13 22 -11 18 -13 19 17 -16 -17 -18 -19 20 23 27 -23 -24 -25 -26 -27 -28 -29 29 -31
leaf_value=0.0098473083662815944 0.0038300657518691075 0.00026450207195757614 0.0036855351747607269 0.00070661854620570242 0.0052667342127350972 0.0020871475054314277 0.0014078949467309749 0.0018328424383367095 0.0011320568962228798 -0.0017953637021874754 -0.0008938456020639112 0.0071756392078747653 0.00039089572007999389 0.00033313598040236213 0.0053591145166430373 0.0020483022758424371 0.0028424222341415944 -0.001936388255478282 -0.0018322250067306107 -0.0033661022878399473 -0.0032937901802401956 -0.001300265361066282 -0.002802235094492584 -0.0002025094148054507 -0.0008324192923890967 0.0063674582018597567 0.0013752650743126182 -0.00060863277135622977 -0.0036121944806259952 -0.0053853499367276306
leaf_weight=6746 9619 18904 17585 71221 18382 85427 15019 15103 1211 44326 20473 5391 25120 23193 30624 44567 34425 23905 45854 15823 78647 49299 21864 6050 24472 7576 24618 6144 20848 28895
leaf_count=6746 9619 18904 17585 71221 18382 85427 15019 15103 1211 44326 20473 5391 25120 23193 30624 44567 34425 23905 45854 15823 78647 49299 21864 6050 24472 7576 24618 6144 20848 28895
internal_value=0.000140802 -0.000878588 0.00289124 -0.00183021 0.00408751 0.000698809 -0.000116141 0.000676322 -0.00268102 -0.000354536 -0.00211821 0.00316037 -0.000787408 -0.000174876 0.00620614 0.00293736 0.00368716 -0.000818947 -0.00241628 -0.00112993 -0.00265477 -0.000729441 -0.00399462 -0.00249156 0.000312988 0.00801228 0.00206587 -0.00309932 -0.00450562 -0.00464307
internal_weight=841331 613834 227497 382859 147711 230975 145548 79786 242840 140019 170022 102765 111311 62201 44946 97374 52807 47098 151118 96292 130645 74419 72818 21873 95693 14322 34237 84791 50954 49743
internal_count=841331 613834 227497 382859 147711 230975 145548 79786 242840 140019 170022 102765 111311 62201 44946 97374 52807 47098 151118 96292 130645 74419 72818 21873 95693 14322 34237 84791 50954 49743
is_linear=0
shrinkage=0.05


Tree=4
num_leaves=31
num_cat=0
split_feature=15 15 20 15 19 13 15 7 13 13 20 15 5 10 15 20 13 20 13 20 16 20 12 7 19 4 11 11 19 16
split_gain=768.246 356.529 166.777 110.71 83.8891 61.791 55.4918 46.3791 36.936 35.1962 34.5464 32.1893 31.8242 30.4793 28.3401 27.1797 24.8146 22.2615 17.2435 16.7791 16.5766 16.3113 15.8521 15.5724 15.3894 14.6505 14.4281 13.8559 13.088 15.1342
threshold=-0.25671410558962604 0.28205320640733128 0.32864921703758404 -0.41060426180071369 0.22513505520915308 1.080470814849728 0.39300430387704394 -0.04051563247272507 1.2565925157339386 0.99661595437839323 0.63344084037957238 0.1205128205128171 -0.12963300375591877 0.26655364016244726 -0.023095034572754965 0.57310219729471401 1.0190951726892947 0.14800655967938134 0.90882769993939461 0.041077676624118042 2.2888742605178338 0.083333333333334994 0.20494396045911958 0.1608563028972487 0.50561797752810922 1.2465141383735101 -0.23342409474991019 -0.14721886072777274 0.10457516339869445 -1.402390030705299
decision_type=2 2 2 2 2 2 2 2 2 2 2 2 2 2 2 2 2 2 2 2 2 2 2 2 2 2 2 2 2 2
left_child=3 2 4 5 7 -1 10 14 22 -8 -3 19 20 16 -2 -14 -6 27 -17 -9 -4 -7 -5 -13 -18 26 -11 -10 29 -28
right_child=1 6 12 8 13 21 9 11 17 25 -12 23 15 -15 -16 18 24 -19 -20 -21 -22 -23 -24 -25 -26 -27 28 -29 -30 -31
leaf_value=0.0028084250063430492 -0.00026492250930689571 -0.001245434175945226 -1.0973468170770634e-05 0.00035623666491498625 0.0007736530288365664 0.0068087539481581014 -0.0019346973962696694 0.0025311873191553682 0.0028442500178616869 -0.001984315054517129 -0.0044069352974077094 -0.0013252757069772214 -0.0009852493720474806 0.00022468894946481578 -0.0024585655121288977 -0.00064113332386208364 0.0018298024372348561 0.002264977595935897 -0.002968843961634781 0.00068541438873337434 0.007422090629180882 0.0047519862442112889 0.0020013678252048584 0.00071680724882780653 0.0031645331037643632 -0.0021950465558015727 -0.0072906959017115169 0.005597532250428125 -0.0035227846356492699 -0.0045501668424071644
leaf_weight=28113 40299 87543 32118 29736 30581 21513 35653 23122 8264 6659 9580 20420 74667 30413 23192 9981 48215 38239 39335 26347 758 17719 28849 17183 39209 11080 6427 10323 21826 23925
leaf_count=28113 40299 87543 32118 29736 30581 21513 35653 23122 8264 6659 9580 20420 74667 30413 23192 9981 48215 38239 39335 26347 758 17719 28849 17183 39209 11080 6427 10323 21826 23925
internal_value=0.000120111 -0.000675862 9.99346e-05 0.00298816 0.000792658 0.00459913 -0.00242048 -3.88969e-05 0.00204781 -0.00321401 -0.0015577 0.000710429 -0.0012204 0.00163618 -0.00106648 -0.00158711 0.00199991 0.00295597 -0.00249797 0.00154847 0.000162611 0.00588127 0.00116655 -0.000392187 0.00242871 -0.00386601 -0.00418025 0.00437558 -0.00446007 -0.00513268
internal_weight=841289 658533 455840 182756 298981 67345 202693 150563 115411 105570 97123 87072 156859 148418 63491 123983 118005 56826 49316 49469 32876 39232 58585 37603 87424 69917 58837 18587 52178 30352
internal_count=841289 658533 455840 182756 298981 67345 202693 150563 115411 105570 97123 87072 156859 148418 63491 123983 118005 56826 49316 49469 32876 39232 58585 37603 87424 69917 58837 18587 52178 30352
is_linear=0
shrinkage=0.05


Tree=5
num_leaves=31
num_cat=0
split_feature=0 19 15 20 0 0 15 5 18 13 10 13 15 6 20 19 15 20 10 4 20 13 10 11 13 19 12 4 19 13
split_gain=851.457 318.53 213.359 209.522 100.937 99.6136 83.9976 74.0348 55.8073 40.1389 42.0705 39.963 38.7572 34.3832 32.7005 27.9699 26.8607 26.4795 24.329 22.7435 21.7945 19.9104 18.4344 18.2064 17.4207 19.9938 14.779 14.203 13.9927 13.6658
threshold=-0.44194064555194101 0.34007110805000845 -0.16666666666665608 0.23365850008317207 0.89291228557697322 -1.6317515905860662 0.29591933547613752 -0.26887884661803035 -0.36189905560789043 1.0234730870659174 0.24013098069701697 0.91917502987672561 -0.30001502030085708 -0.058902430417328587 0.42114727677472152 0.12048192771085411 -0.33799999999999902 0.054545454545450421 0.26018073035020006 1.1602376251071189 0.032647938250190592 1.1475401088343642 0.25680356333310089 -0.25942287984900164 1.2184489795593585 0.1322893310911758 0.27422829089167761 -0.85805691109234949 0.52868261730526045 1.0190951726892947
decision_type=2 2 2 2 2 2 2 2 2 2 2 2 2 2 2 2 2 2 2 2 2 2 2 2 2 2 2 2 2 2
left_child=3 2 12 5 8 18 16 -5 -4 -7 17 -10 26 -13 -9 21 -3 27 20 24 -1 -6 29 -23 -15 -26 -2 -11 -29 -18
right_child=1 6 4 7 15 9 -8 14 11 10 -12 13 -14 19 -16 -17 22 -19 -20 -21 -22 23 -24 -25 25 -27 -28 28 -30 -31
leaf_value=0.0083857044572278709 0.0012404570666658639 0.0028992842436535845 0.00011793988313315845 0.0036210895204366635 -0.0027286921809781951 0.0017787648047543219 -0.0012169063777375639 0.00068975855410278834 -0.00088734736284900001 0.003056541461328196 0.0015449158034644371 -0.00085748367424127959 -0.00024884159655556154 -0.0024218996810844891 -0.0017395267937444739 -0.0023094968891847023 0.00046665853390203196 0.0032554093284736514 0.0012774532699264597 -0.0011745657787098117 0.0054861485016883442 -0.0024049666508249227 -6.6352229501164144e-05 -0.0051642770806553193 -0.0046165112055270192 -0.0025806637546972183 0.0034943962998434789 0.0051637030019120473 0.0080417611799253243 0.0017291569689659959
leaf_weight=12860 23604 23647 37909 15853 17064 35144 40095 36699 59739 6588 17116 27984 50092 46620 22239 29050 29847 32889 2070 17876 13277 7110 28122 38439 29002 20730 10515 27596 5029 76122
leaf_count=12860 23604 23647 37909 15853 17064 35144 40095 36699 59739 6588 17116 27984 50092 46620 22239 29050 29847 32889 2070 17876 13277 7110 28122 38439 29002 20730 10515 27596 5029 76122
internal_value=0.000143438 -0.000825062 -0.00161093 0.00275701 -0.0021818 0.00381968 0.000826387 0.000589016 -0.00164234 0.00321075 0.00377456 -0.00197276 0.000636459 -0.00242862 -0.00022702 -0.00359308 0.00134581 0.00430356 0.00650231 -0.00281341 0.00691546 -0.00418815 0.00107166 -0.00473418 -0.00311731 -0.00376859 0.00193591 0.00518162 0.00560967 0.00137364
internal_weight=840927 613567 415734 227360 331523 152569 197833 74791 239860 124362 89218 201951 84211 142212 58938 91663 157738 72102 28207 114228 26137 62613 134091 45549 96352 49732 34119 39213 32625 105969
internal_count=840927 613567 415734 227360 331523 152569 197833 74791 239860 124362 89218 201951 84211 142212 58938 91663 157738 72102 28207 114228 26137 62613 134091 45549 96352 49732 34119 39213 32625 105969
is_linear=0
shrinkage=0.05


Tree=6
num_leaves=31
num_cat=0
split_feature=0 15 20 19 1 19 1 18 15 13 19 20 15 13 5 0 18 0 3 15 3 13 19 0 19 16 13 14 20 5
split_gain=777.735 298.02 202.368 162.663 95.5509 89.8223 73.8151 69.5081 67.5449 62.1881 40.1655 34.317 33.9096 32.9046 30.1446 27.6718 26.3098 23.837 22.5341 20.3758 18.558 18.1 16.3563 13.8888 13.5318 13.4054 16.0612 12.9342 12.8312 12.0171
threshold=-0.44194064555194101 -0.019373555080091417 0.15254237288135655 0.33695652173913471 -0.88895240401581355 0.34615384615384936 -1.5069138877246451 -0.32352941176469857 -0.27237546086896569 0.91400609661199672 0.12048192771085411 0.40000000000000718 0.29591933547613752 1.0411900219352848 -0.14281886951238623 1.2416471978107706 -0.41495865513385694 -1.6317515905860662 0.53982569850607398 0.42910622941629406 -0.38234778194683355 1.0974359186192493 0.65134371128534274 0.52467785445135917 0.55811107159785711 -0.12855816184467811 1.3860208488110679 0.10183857873098738 0.47829542715659273 -0.4150073132142858
decision_type=2 2 2 2 2 2 2 2 2 2 2 2 2 2 2 2 2 2 2 2 2 2 2 2 2 2 2 2 2 2
left_child=2 5 4 7 17 8 -4 28 -2 -9 15 29 27 -6 -13 20 -10 -1 22 -12 -11 -7 -15 -18 -23 26 -22 -5 -3 -8
right_child=1 3 6 12 13 21 11 9 16 10 19 14 -14 18 -16 -17 23 -19 -20 -21 25 24 -24 -25 -26 -27 -28 -29 -30 -31
leaf_value=0.0075907234040766287 0.0015222090135814826 0.0004144771836456787 0.0043843420895449238 0.001293618895564178 0.0016511651484817016 0.00099316313036188538 0.0051528793952862473 -0.0011398286932502487 0.0012449719814287786 -0.0017400685471733763 -0.0017047250687893143 0.0012316922467386564 -0.0012081459998587868 0.0040575630206572694 -0.0021802720433561598 -0.0049221119157144321 -0.00058731296906666306 0.0050318038768388459 0.0021232618047404041 -0.0039492607817578126 -0.0034056775127908447 0.0017581736570793328 0.0078504230743229025 -0.0018464244772689955 0.0033726822575025741 -0.0022904184880288628 -0.0054444938842682852 -4.4535784443161381e-05 -0.0019864084011541774 0.0010079994436906785
leaf_weight=15499 43873 24839 13842 34712 27792 32146 1793 55530 13386 18094 57066 9997 40566 40327 18330 30412 50701 22349 15874 12291 35420 28267 3063 38567 24060 15911 13342 37625 7161 58889
leaf_count=15499 43873 24839 13842 34712 27792 32146 1793 55530 13386 18094 57066 9997 40566 40327 18330 30412 50701 22349 15874 12291 35420 28267 3063 38567 24060 15911 13342 37625 7161 58889
internal_value=0.000136276 -0.000789409 0.00263161 -0.00164494 0.00398399 0.000628962 0.000989025 -0.00231119 -0.000119669 -0.00260527 -0.00305099 0.000460578 -5.11969e-05 0.00307153 -0.000976132 -0.00363168 -0.000821467 0.00608143 0.00373722 -0.002103 -0.00315699 0.0019274 0.00432706 -0.00113144 0.00250103 -0.00355308 -0.00396453 0.000597688 -0.000123249 0.0011313
internal_weight=841724 613969 227755 382969 124904 231000 102851 270066 146527 238066 182536 89009 112903 87056 28327 113179 102654 37848 59264 69357 82767 84473 43390 89268 52327 64673 48762 72337 32000 60682
internal_count=841724 613969 227755 382969 124904 231000 102851 270066 146527 238066 182536 89009 112903 87056 28327 113179 102654 37848 59264 69357 82767 84473 43390 89268 52327 64673 48762 72337 32000 60682
is_linear=0
shrinkage=0.05


Tree=7
num_leaves=31
num_cat=0
split_feature=0 19 15 20 1 1 7 5 20 13 0 15 15 19 3 4 19 13 1 7 5 20 6 20 10 7 13 0 5 19
split_gain=730.506 274.643 190.363 186.674 102.155 87.8899 78.9785 67.4899 35.0985 34.8739 33.0719 31.1962 24.5456 23.7376 23.1118 22.371 21.4213 19.076 18.5772 18.1501 16.9541 16.7751 16.7273 18.5015 16.1673 15.6746 15.655 15.579 15.166 13.4736
threshold=-0.44194064555194101 0.35849056603774426 -0.16666666666665608 0.13796005683051807 0.83849664509655597 -0.96697884062797923 -0.30696774399140414 0.13330952905313939 0.44828480376554214 1.0500363568981812 0.75269039442270491 -0.34229554046062621 0.25022480251254831 0.15893910759680049 0.47127764731340421 -0.71757810750771656 0.55811107159785711 0.97796472684313829 -0.82157578687538602 0.18802531845359963 -0.10908274712714962 0.47829542715659273 -0.053730888491602818 0.66973803598622395 -0.27817955011519241 -0.38263157855298563 1.1973594199010844 -1.8509341111450668 -0.33587104933945777 0.79951942764589867
decision_type=2 2 2 2 2 2 2 2 2 2 2 2 2 2 2 2 2 2 2 2 2 2 2 2 2 2 2 2 2 2
left_child=3 2 11 5 10 27 28 16 18 -7 12 25 -4 22 15 -11 -3 -18 -8 -19 -10 -14 -12 -24 -13 -2 -6 -1 -5 -17
right_child=1 7 4 6 26 9 8 -9 20 14 13 24 21 -15 -16 29 17 19 -20 -21 -22 -23 23 -25 -26 -27 -28 -29 -30 -31
leaf_value=0.0076091301734488069 0.0045195152993942386 0.00078883046868441172 -0.00078884479795581104 0.0050794532498481702 -0.0025268189704543802 0.001619448312459029 0.0022747193744155673 -0.00070931641465781414 0.00037335758199083394 0.0023282346036856811 -0.0014184654091014459 0.0010783096010034624 -0.0013442793788630437 -0.00086198701735113413 0.0021898387728900492 0.0048274541807608153 0.00068096715096595164 0.003035095910097917 0.0003656341682079925 0.00028362198889440382 -0.002726885393290301 -0.0028638255822919486 -0.003404971960862431 -0.0092596275056869414 -0.00057842913062614433 0.0014351679612060965 -0.0040487914675998923 0.0052914880715243407 0.0024582366715618729 0.010242965696875009
leaf_weight=11245 5384 70222 119312 10162 24174 28763 17098 53617 6980 10100 11170 22881 46640 15596 16996 30368 18036 38236 49964 7110 11956 29776 34797 1398 41271 17507 56673 20928 12145 1193
leaf_count=11245 5384 70222 119312 10162 24174 28763 17098 53617 6980 10100 11170 22881 46640 15596 16996 30368 18036 38236 49964 7110 11956 29776 34797 1398 41271 17507 56673 20928 12145 1193
internal_value=9.02452e-05 -0.000807311 -0.00150798 0.00250757 -0.00204276 0.0038693 0.0010037 0.000789138 0.000315877 0.00304639 -0.00155781 0.00057808 -0.00123706 -0.00255459 0.00374571 0.00437976 0.00139049 0.00205686 0.000852637 0.00260384 -0.00158451 -0.00193668 -0.00311162 -0.0036336 1.25534e-05 0.00216227 -0.00359408 0.00610366 0.00365408 0.00503534
internal_weight=841698 613800 426579 227898 339536 119593 108305 187221 85998 87420 258689 87043 195728 62961 58657 41661 133604 63382 67062 45346 18936 76416 47365 36195 64152 22891 80847 32173 22307 31561
internal_count=841698 613800 426579 227898 339536 119593 108305 187221 85998 87420 258689 87043 195728 62961 58657 41661 133604 63382 67062 45346 18936 76416 47365 36195 64152 22891 80847 32173 22307 31561
is_linear=0
shrinkage=0.05


Tree=8
num_leaves=31
num_cat=0
split_feature=0 1 20 19 0 19 7 5 5 0 20 8 0 19 0 5 1 7 13 20 19 19 10 20 9 3 2 2 10 1
split_gain=693.743 247.853 154.576 139.017 79.06 78.3205 76.0848 61.4372 50.2653 34.619 34.0922 29.0589 28.1869 26.6592 25.6908 25.5186 22.7187 21.9141 20.9035 19.7986 19.7616 18.5223 17.321 16.6827 16.4791 16.0091 15.3974 15.1188 14.7602 13.5694
threshold=-0.47133153225987684 0.53585188932419936 0.12428513024184962 0.1927689483854059 -1.0419612645920744 0.37410880530827045 -0.32660005310793577 -0.010222264512436323 0.0060750203133103052 0.53557058357060827 0.2779947645889243 -2.251366963494037 0.98905910755191395 0.5238095238095285 1.4708671589093476 -0.25824042313827522 -0.82157578687538602 0.31574339640218169 1.080470814849728 0.14285714285714526 0.55811107159785711 0.12276606600930093 0.24013098069701697 0.44444444444444658 -2.9540875590048148 -0.23370657147494106 -0.85471717064387731 0.6388922542584109 0.38893585064505004 -0.56934704813676074
decision_type=2 2 2 2 2 2 2 2 2 2 2 2 2 2 2 2 2 2 2 2 2 2 2 2 2 2 2 2 2 2
left_child=2 3 4 7 11 14 24 9 20 15 -8 -1 23 29 17 -2 -12 25 -6 -17 26 -16 -20 -9 -4 -3 -5 -7 -10 -13
right_child=1 5 6 8 18 27 10 12 28 -11 16 13 -14 -15 21 19 -18 -19 22 -21 -22 -23 -24 -25 -26 -27 -28 -29 -30 -31
leaf_value=0.0077563818725702163 0.0028372346557340978 -0.00096383739357755742 0.006625594509907351 0.0023258739490047671 0.0014939016038056814 0.00040217695291245523 0.0015911557833772274 -0.00093719008300583459 0.00019577146413984404 -0.0015458284813176489 0.0014995739168140541 0.005257121380600127 -0.0038388988530382393 0.010497811231323859 -0.0050074415865255153 0.001619680634667672 -0.0010464344304892419 -0.0038414252636338729 0.0039513403677311825 -0.00042571776959308608 0.0024028079805186175 -0.0023797467407229902 0.0011432747864240848 -0.0022139729308193168 0.0031757099397715788 -0.0025384739034358208 0.00066810885469523033 -0.0015614227574101192 -0.0015756369269801366 0.0033871182307552033
leaf_weight=9724 10121 21880 4398 17878 24555 24556 40901 60023 92135 28663 11775 22160 14429 1897 20630 16176 34152 23995 27975 43961 38235 9979 6845 44616 16393 61723 64629 16303 13470 17417
leaf_count=9724 10121 21880 4398 17878 24555 24556 40901 60023 92135 28663 11775 22160 14429 1897 20630 16176 34152 23995 27975 43961 38235 9979 6845 44616 16393 61723 64629 16303 13470 17417
internal_value=0.000114902 -0.000734386 0.00254135 -0.000101473 0.00385422 -0.00230481 0.00119221 -0.00100264 0.000766428 -8.16994e-05 0.000541468 0.00529405 -0.00176769 0.004715 -0.00287334 0.000515753 -0.000393491 -0.00250929 0.00261199 0.000124643 0.00146322 -0.00415183 0.00339981 -0.00148174 0.00390831 -0.00212654 0.00102756 -0.000381502 -3.03008e-05 0.00443524
internal_weight=841594 623402 218192 444336 110573 179066 107619 217989 226347 98921 86828 51198 119068 41474 138207 70258 45927 107598 59375 60137 120742 30609 34820 104639 20791 83603 82507 40859 105605 39577
internal_count=841594 623402 218192 444336 110573 179066 107619 217989 226347 98921 86828 51198 119068 41474 138207 70258 45927 107598 59375 60137 120742 30609 34820 104639 20791 83603 82507 40859 105605 39577
is_linear=0
shrinkage=0.05


Tree=9
num_leaves=31
num_cat=0
split_feature=0 15 20 19 8 15 2 0 13 20 15 17 0 19 2 20 20 15 3 4 6 20 10 4 10 10 11 13 19 13
split_gain=658.693 237.125 172 162.284 87.0288 86.1488 58.4339 52.5983 46.0176 36.5283 34.2539 34.0793 21.8729 20.1929 18.0638 17.7414 17.2341 15.7206 15.0313 15.4696 14.9743 14.0359 13.748 13.4426 13.3352 12.7611 12.4412 12.2494 11.6014 11.3704
threshold=-0.44194064555194101 0.32759155306071508 0.23365850008317207 0.1953143296252928 -2.251366963494037 -0.27237546086896569 -0.93513284071587865 0.75269039442270491 1.1101111500655374 0.076923076922995395 -0.24142602478108036 0.69922264948963264 -1.1719467147320886 0.49038639272002998 -0.85471717064387731 0.43077078330710966 0.57866558469192408 0.43295373492413447 0.47127764731340421 -0.81283645367847501 0.087535048644627203 0.70643108029245005 -0.23128728414442695 -0.43800143372277422 0.28950960031892997 0.36679418792495211 -0.31679734525527947 1.1181075977362218 0.70732858614872807 1.1308607196198894
decision_type=2 2 2 2 2 2 2 2 2 2 2 2 2 2 2 2 2 2 2 2 2 2 2 2 2 2 2 2 2 2
left_child=2 3 4 5 14 -2 -4 15 -6 12 27 -3 23 -12 -1 -7 -8 -13 19 -14 -15 26 -17 -10 -25 -11 -9 -5 -29 -28
right_child=1 11 6 10 8 7 16 21 9 25 13 17 18 20 -16 22 -18 -19 -20 -21 -22 -23 -24 24 -26 -27 29 28 -30 -31
leaf_value=0.0079316208485638914 0.0012937971522795229 -0.0016147433012309647 0.0030514795207491467 0.00094611969603895459 0.001590100304525614 -0.00044290411623251172 1.3087729897092043e-05 -0.00089804161152175265 0.0037976630909930657 0.0025583658054764854 -5.3922604566125253e-05 -0.0024708053073863069 0.0016647094909004513 0.0014274077809253427 0.0045342580344888278 -2.5481916152049171e-05 -0.0026316234516032466 -0.003832784424955537 0.001815124231389791 0.0048760356185200892 -0.00019415932075669026 -0.0077700569566414432 -0.0019204607928069778 0.0069219645874227702 0.0023760690233873448 -0.0019040164340267389 -0.0016786879864480624 0.0019968323816608137 0.0045401443672497292 -0.0035282948680480618
leaf_weight=11039 30635 69804 16673 25184 42956 65140 51217 7740 7421 35443 107896 45649 4730 55872 6142 11532 6992 39701 9085 18351 19101 1424 56292 13855 1841 1671 11073 27627 5355 33634
leaf_count=11039 30635 69804 16673 25184 42956 65140 51217 7740 7421 35443 107896 45649 4730 55872 6142 11532 6992 39701 9085 18351 19101 1424 56292 13855 1841 1671 11073 27627 5355 33634
internal_value=0.000106829 -0.00074498 0.00240528 -0.000173215 0.00336868 -0.00116351 0.000442659 -0.00156648 0.00294276 0.00357138 0.000720273 -0.00243452 0.00438608 0.000384064 0.00672045 -0.00103235 -0.000304989 -0.00310471 0.00354078 0.00421894 0.00101431 -0.00288437 -0.00159831 0.00556024 0.00639062 0.002357 -0.00275027 0.00177704 0.00241102 -0.00307066
internal_weight=841075 613659 227416 458505 152534 217470 74882 186835 135353 92397 241035 155154 55283 182869 17181 132964 58209 85350 32166 23081 74973 53871 67824 23117 15696 37114 52447 58166 32982 44707
internal_count=841075 613659 227416 458505 152534 217470 74882 186835 135353 92397 241035 155154 55283 182869 17181 132964 58209 85350 32166 23081 74973 53871 67824 23117 15696 37114 52447 58166 32982 44707
is_linear=0
shrinkage=0.05


Tree=10
num_leaves=31
num_cat=0
split_feature=0 15 19 0 0 19 5 15 18 18 8 19 13 5 5 19 19 18 19 0 17 15 19 15 18 13 18 13 18 4
split_gain=611.763 225.609 157.201 126.883 64.2537 50.0432 50.2969 46.911 43.531 41.6767 39.2858 37.8993 34.1481 32.8369 31.166 22.9163 20.6627 21.4669 20.5212 18.8961 18.1752 17.5234 17.4209 17.0832 16.1071 16.0876 15.4971 16.3402 14.7219 14.2263
threshold=-0.38689880181353115 -0.10876073855282802 0.34007110805000845 -1.1719467147320886 1.0105443884455132 0.54876524390244541 -0.17512142213815771 -0.30428292104836041 -0.36189905560789043 -0.36951242396402983 -2.251366963494037 0.17415071872886415 0.91917502987672561 0.28483940763421339 -0.043174792184675105 0.4780143469977437 0.22750399686897368 -0.69426809877806139 0.10000000000000507 -2.2085392404321218 0.66304027561998347 0.33834070403812178 0.15664972700581972 -0.40577723914494657 0.2667417970841181 1.2903233778715815 0.21739130434784656 1.1933275300667787 -0.97611809886839895 -1.1068112786849884
decision_type=2 2 2 2 2 2 2 2 2 2 2 2 2 2 2 2 2 2 2 2 2 2 2 2 2 2 2 2 2 2
left_child=3 7 4 10 8 6 -5 20 -3 16 23 -9 -10 21 -14 19 17 -8 26 -12 -2 -4 25 -1 -22 -16 -6 -28 -21 -29
right_child=1 2 13 5 18 -7 9 11 12 -11 15 -13 14 -15 22 -17 -18 -19 -20 28 24 -23 -24 -25 -26 -27 27 29 -30 -31
leaf_value=0.0071828647224063584 0.0010134682323567439 0.00022318991214779376 0.00073532083188534211 0.002716507112649212 -0.0097554037466307288 0.0043023486694473692 0.0013275813849486296 -0.00083538047479661006 -0.00083123168474745403 -0.001575120077044492 0.0052355964602071228 0.0010341316603692304 -0.00060870045787064439 -0.0017691959510006035 -0.0024088971377751399 0.0085351146799376356 0.002249702837415516 -0.00040685087315189822 -0.0021658361322416208 0.0047810438324762906 0.0035231315220402848 -0.001003945767092559 -0.0017631483608004151 0.0038538551440919378 0.00099718175242993453 -0.003869148878251807 -0.0023195742274761634 -0.00099968282879452758 0.0022863364584399504 -0.0047164717966671548
leaf_weight=11280 28245 28991 88892 41243 1104 14247 45330 50275 58143 17330 8676 58809 23473 19720 43281 2008 27425 29407 26050 7033 21357 17291 40358 5917 8971 33551 13603 2829 37328 29321
leaf_count=11280 28245 28991 88892 41243 1104 14247 45330 50275 58143 17330 8676 58809 23473 19720 43281 2008 27425 29407 26050 7033 21357 17291 40358 5917 8971 33551 13603 2829 37328 29321
internal_value=0.000100967 -0.000768581 -0.00137931 0.00219109 -0.00200035 0.00146312 0.00121121 0.000785423 -0.00158674 0.000691471 0.00395389 0.000172507 -0.00185067 0.000104008 -0.00227197 0.00330107 0.00107608 0.000645166 -0.00329227 0.00310133 0.00192667 0.000452028 -0.00260504 0.00604035 0.00277653 -0.00304698 -0.00391791 -0.00377496 0.00268284 -0.00438983
internal_weight=841488 594264 426607 247224 300704 174982 160735 167657 227797 119492 72242 109084 198806 125903 140663 55045 102162 74737 72907 53037 58573 106183 117190 17197 30328 76832 46857 45753 44361 32150
internal_count=841488 594264 426607 247224 300704 174982 160735 167657 227797 119492 72242 109084 198806 125903 140663 55045 102162 74737 72907 53037 58573 106183 117190 17197 30328 76832 46857 45753 44361 32150
is_linear=0
shrinkage=0.05


Tree=11
num_leaves=31
num_cat=0
split_feature=0 1 20 1 5 5 0 20 18 18 20 0 18 20 13 8 20 13 20 18 0 10 5 13 2 9 4 11 1 20
split_gain=589.271 185.807 152.397 85.8519 82.0838 66.3457 36.7578 34.7279 39.5104 33.4809 39.0587 31.9205 38.5521 29.6151 23.028 22.2997 21.1926 21.1655 20.9548 22.7583 20.2919 19.6894 16.9922 16.1984 16.147 14.7181 14.1015 13.7668 13.3202 13.1095
threshold=-0.36842207431035162 0.53585188932419936 0.21849351539596162 -0.96697884062797923 -0.043174792184675105 -0.25359598925148691 1.2104428563491074 0.50000000000001521 0.56716417910447936 0.50000000000002209 0.36376474343034043 -0.81487115282301514 -0.10850690675105644 0.44828480376554214 1.0149177135116556 -2.251366963494037 0.041077676624118042 0.77916313807859028 0.50000000000001521 -1.0000000180025095e-35 0.63617287780735954 0.40034281905178076 -0.19154346216792403 1.0411900219352848 0.9156113945035379 -2.6942192954448592 -0.82809816927239965 0.42369718189840255 -0.79024224856666947 0.31426831390290078
decision_type=2 2 2 2 2 2 2 2 2 2 2 2 2 2 2 2 2 2 2 2 2 2 2 2 2 2 2 2 2 2
left_child=2 4 3 15 9 25 18 8 21 10 14 12 16 28 -2 -1 -5 -10 19 -3 -9 29 -12 -13 -21 -4 -16 -26 -7 -6
right_child=1 6 5 11 7 13 -8 20 17 -11 22 23 -14 -15 26 -17 -18 -19 -20 24 -22 -23 -24 -25 27 -27 -28 -29 -30 -31
leaf_value=0.0067118332306146129 0.00079765371931775006 0.00051726411876964226 0.005310962991254658 0.0039159340080877139 0.00070826961785094291 0.0020618534852848481 -0.0033341297131152837 -0.0015709389757900189 0.00028425337297693345 -0.00050957583962791327 0.0012626838455757983 0.00065854257793337425 0.011917528172654302 -0.0016282052935862349 0.00093258274421761489 0.0042252988552946812 0.0019641616224095665 -0.0017889543055168615 -0.0029048952160070285 -0.0012950309038619208 -0.0053408213376276003 -0.0019364892362477488 -0.0004805092869680356 0.0022977096596873566 -0.0037575349025779172 0.0022501231489841806 0.0032665176982086958 -0.00070264182690452223 8.4188779703249991e-05 -0.00047705876024357749
leaf_weight=13421 24660 14038 5387 31081 74902 10937 45619 53367 15713 42512 22821 26330 1242 23662 8280 27808 25235 56804 27611 68862 3818 10405 36050 35273 13867 14551 29791 5030 38317 33866
leaf_count=13421 24660 14038 5387 31081 74902 10937 45619 53367 15713 42512 22821 26330 1242 23662 8280 27808 25235 56804 27611 68862 3818 10405 36050 35273 13867 14551 29791 5030 38317 33866
internal_value=0.000119954 -0.000748483 0.00213636 0.00306957 -0.000169852 0.000524232 -0.00211372 -0.000742256 -0.000419613 0.000698178 0.00112041 0.00238877 0.00323541 -0.000174767 0.00198841 0.00503615 0.00304186 -0.00133975 -0.00168327 -0.00135167 -0.00182353 0.00014036 0.000195329 0.00159733 -0.00165065 0.00307937 0.00275929 -0.00294519 0.000523665 0.000339196
internal_weight=841260 588016 253244 160390 412989 92854 175027 248875 191690 164114 121602 119161 57558 72916 62731 41229 56316 72517 129408 101797 57185 119173 58871 61603 87759 19938 38071 18897 49254 108768
internal_count=841260 588016 253244 160390 412989 92854 175027 248875 191690 164114 121602 119161 57558 72916 62731 41229 56316 72517 129408 101797 57185 119173 58871 61603 87759 19938 38071 18897 49254 108768
is_linear=0
shrinkage=0.05


Tree=12
num_leaves=31
num_cat=0
split_feature=0 15 1 15 20 18 20 20 13 7 18 13 20 13 8 15 13 13 20 2 5 0 6 0 0 8 3 20 0 15
split_gain=566.038 210.488 143.172 112.71 98.0852 63.5559 96.9173 50.0082 38.2673 25.4252 25.2681 25.2282 23.3059 19.6218 18.8521 18.6091 18.0953 17.1695 17.1551 17.0321 15.6416 15.5712 15.4339 15.1595 14.9718 14.054 13.0373 12.6581 12.4966 12.4714
threshold=-0.44194064555194101 0.31676097114402696 -0.82157578687538602 -0.27999337309476424 0.2258064516129151 0.56000000000000527 0.37622639569655664 0.16176470588235545 1.2102769725401739 -0.31314476892000959 -0.19062475917029822 1.2521662067831811 0.036815416131335495 1.0324032945894028 -2.251366963494037 0.44117958195655554 1.0190951726892947 0.81822253625798802 0.041077676624118042 -0.83585687409758747 0.17797956955681885 0.66059708272889506 0.04042023549699679 1.1808227962889981 -0.88138626992412472 -2.510521985652264 0.39948742679976973 0.57866558469192408 -1.0419612645920744 -0.41060426180071369
decision_type=2 2 2 2 2 2 2 2 2 2 2 2 2 2 2 2 2 2 2 2 2 2 2 2 2 2 2 2 2 2
left_child=2 3 7 16 10 6 17 11 22 -9 13 25 -7 -4 -13 -10 -2 -5 26 -6 -19 -8 -3 -14 -12 -1 -15 -21 -16 -18
right_child=1 8 4 5 19 12 21 9 15 -11 24 14 23 18 28 -17 29 20 -20 27 -22 -23 -24 -25 -26 -27 -28 -29 -30 -31
leaf_value=0.0061873391434417429 0.00072531507810978527 -0.00062864178248431225 0.0010281851746241745 -0.00035798119393588341 0.0018231776511774167 -0.00076576628464763454 -0.00089951740753374521 0.0042921794565932148 -0.0024003378677725784 0.0014423424252034992 0.010743597865096361 0.0083083555075425513 -0.0017256667884311381 0.0040478246128041228 0.006122545411108439 -0.0039968558136954267 0.0039585879070611826 0.0013411245377929681 0.001769514075752183 -0.00045380650379407938 -0.00020876007481691731 -0.0028420980109966324 -0.0020067168409373605 -0.0036485290381624417 0.0042048093643314403 0.0025929599628609218 0.0019222869213451983 -0.0030643726584807067 0.0034944103512525009 0.0018785669378073655
leaf_weight=3609 30747 33051 29131 24885 7421 55908 110756 12905 47987 19906 1180 6934 39317 22999 14404 29535 9058 99077 32680 39272 19476 11369 52778 13878 3421 11085 10553 5257 6668 35387
leaf_count=3609 30747 33051 29131 24885 7421 55908 110756 12905 47987 19906 1180 6934 39317 22999 14404 29535 9058 99077 32680 39272 19476 11369 52778 13878 3421 11085 10553 5257 6668 35387
internal_value=0.000123605 -0.000666538 0.00225401 -0.000108306 0.00136938 -0.000462864 -4.54414e-05 0.00403331 -0.00220377 0.00256419 0.0022852 0.00516132 -0.0014788 0.00211013 0.00604224 -0.00300903 0.00165821 0.0008359 0.00258578 -0.000392965 0.00108651 -0.00108058 -0.00147618 -0.00222791 0.00590145 0.00347938 0.00338006 -0.000762623 0.00529295 0.00230328
internal_weight=840634 613209 227425 449858 151914 374666 265563 75511 163351 32811 99964 42700 109103 95363 28006 77522 75192 143438 66232 51950 118553 122125 85829 53195 4601 14694 33552 44529 21072 44445
internal_count=840634 613209 227425 449858 151914 374666 265563 75511 163351 32811 99964 42700 109103 95363 28006 77522 75192 143438 66232 51950 118553 122125 85829 53195 4601 14694 33552 44529 21072 44445
is_linear=0
shrinkage=0.05


Tree=13
num_leaves=31
num_cat=0
split_feature=1 15 20 18 0 18 20 10 13 20 20 13 5 13 5 0 5 12 10 4 0 6 10 13 4 13 20 18 18 20
split_gain=516.665 206.989 111.758 164.569 111.398 65.6978 56.2544 36.8584 40.2356 38.423 35.117 34.7298 32.2422 29.2 28.7735 22.2536 20.6637 20.391 19.3645 18.2629 15.6651 15.6364 15.5702 16.5156 16.4511 14.4734 13.7836 15.6595 13.4752 12.7463
threshold=-0.51647622820455841 0.37787930632290145 0.40000000000000718 0.58139534883721755 -1.0671199491233083 0.25921701314138224 0.07428178424057659 0.2863334154696261 0.98761113880570095 0.067516340815377926 0.35573938555797208 1.0324032945894028 -0.06736758957386775 1.1892941547758007 -0.23897598630179442 1.127608301627423 -0.3645816753765902 0.22088118110527577 -0.19823303486292335 1.2695683387263863 -0.81487115282301514 -0.019780824782157178 0.24013098069701697 0.98297736458333762 -1.0085147087254394 0.89807209859564829 0.13570073168106692 0.72727272727273784 0.2667417970841181 0.66662643427937773
decision_type=2 2 2 2 2 2 2 2 2 2 2 2 2 2 2 2 2 2 2 2 2 2 2 2 2 2 2 2 2 2
left_child=4 2 3 7 6 10 17 8 -2 20 22 -3 -4 -5 -12 25 -8 -1 -15 21 -10 -13 23 -6 -25 -14 27 -20 -11 -27
right_child=1 11 12 13 5 -7 16 -9 9 28 14 19 15 18 -16 -17 -18 -19 26 -21 -22 -23 -24 24 -26 29 -28 -29 -30 -31
leaf_value=0.0041736718548222914 0.00024799141455282705 -0.0013316205065042246 -0.0002614109549309137 -0.00049954089030946995 0.0017010972533816589 -0.00052756654335661115 0.004795318695394013 -0.00020065603432342061 0.0040532987270305168 0.0014006949134967182 0.002981110653558044 -0.0019189474472010308 -0.00054444539923076667 -0.00033258184094186284 0.00010163156407325363 -0.0074665292494529058 0.0019183941921226333 0.0070100411278597331 -0.00017632952297103261 -0.0012716812047957964 0.0022095530811880762 -0.0038483823364874152 0.0007058275658516145 0.0012702705642195023 0.0039485824468173747 -0.0016514461546506378 -0.0039322688489439352 -0.0026878677349390116 -3.5490263043595404e-05 -0.0030724228172612309
leaf_weight=10532 68830 43246 45247 56131 16035 28891 8765 54901 15729 69248 12488 13325 18879 12131 28370 1744 21718 16148 8483 11442 43273 50106 7720 6710 39878 50424 13335 23131 21372 23005
leaf_count=10532 68830 43246 45247 56131 16035 28891 8765 54901 15729 69248 12488 13325 18879 12131 28370 1744 21718 16148 8483 11442 43273 50106 7720 6710 39878 50424 13335 23131 21372 23005
internal_value=0.000116921 -0.000568876 -0.000144014 0.00029355 0.00235577 0.00159657 0.00421578 0.000957463 0.00124852 0.00170873 0.00214844 -0.00246018 -0.00135822 -0.00130944 0.000982241 -0.00188579 0.00274692 0.00589236 -0.00210565 -0.00311176 0.00270167 -0.00344343 0.00282557 0.00308673 0.00356318 -0.00177955 -0.00258399 -0.00201421 0.00106202 -0.00209699
internal_weight=841237 643982 525863 386564 197255 140092 57163 273353 218452 149622 111201 118119 139299 113211 40858 94052 30483 26680 57080 74873 59002 63431 70343 62623 46588 92308 44949 31614 90620 73429
internal_count=841237 643982 525863 386564 197255 140092 57163 273353 218452 149622 111201 118119 139299 113211 40858 94052 30483 26680 57080 74873 59002 63431 70343 62623 46588 92308 44949 31614 90620 73429
is_linear=0
shrinkage=0.05


Tree=14
num_leaves=31
num_cat=0
split_feature=0 19 20 1 8 7 8 10 18 13 20 13 0 8 18 0 18 11 1 12 1 12 13 7 19 4 11 4 20 14
split_gain=461.995 174.763 116.712 111.047 64.6088 55.1382 54.1962 50.9559 45.0828 42.4027 31.4763 26.7493 21.6271 20.8053 20.1544 19.3284 24.4235 18.7158 18.2365 16.9603 16.2777 15.2654 14.5365 17.6767 13.6062 13.4262 13.4157 13.4055 13.0134 12.3961
threshold=-0.50133377877841834 0.27722366236882307 0.2258064516129151 0.54618767406297086 -2.251366963494037 -0.38263157855298563 0.84725150528173954 -0.27404025706055229 -0.5093642702085277 1.1101111500655374 0.076923076922995395 1.1475401088343642 0.89291228557697322 -0.99479520342978767 -0.46024938158161066 -1.0419612645920744 -0.27559055118111325 -0.25942287984900164 -0.56934704813676074 0.15582436043273637 -0.47686981430151737 0.17466623077628432 0.9035477254761356 -0.34845383872732077 0.54876524390244541 -0.70459325141190543 -0.26314315429733209 1.2465141383735101 0.57866558469192408 0.07453627736216957
decision_type=2 2 2 2 2 2 2 2 2 2 2 2 2 2 2 2 2 2 2 2 2 2 2 2 2 2 2 2 2 2
left_child=2 3 4 7 21 -4 13 -2 20 -6 15 -5 22 -3 -13 16 25 -16 -7 -8 -9 -1 -10 -24 -15 -11 -25 -19 -20 -27
right_child=1 6 5 11 9 18 19 8 12 10 -12 14 -14 24 17 -17 -18 27 28 -21 -22 -23 23 26 -26 29 -28 -29 -30 -31
leaf_value=0.0031953112473715149 0.00099305081804660473 0.0018179711035697758 0.0036658485729161917 -0.0014306514990267583 0.0011792340704230538 0.00090259271349021777 0.0011275659180061139 0.0027282052563884986 -0.00032643248635126642 0.0025405471428609355 0.0019954186960570398 0.001629950871416944 -0.0024163310504360593 0.00018697552654510863 -0.001287163702658227 0.0029397474944610927 0.01362911681557495 -0.0038019875614980474 -0.00057401228478764935 -0.0009180605563611819 0.00013103172116757315 0.006751479139261417 0.00084708070779042919 1.0223717109366958e-05 0.0013005799535996893 0.0069475603888709842 -0.0017500251372589482 -0.0019006187988058103 -0.0037328047434040008 0.0043529050984125106
leaf_weight=3997 39839 52062 11180 39750 37387 23269 11952 7749 52839 6110 33425 2259 32701 71411 11442 24767 765 54724 30002 66282 27125 12678 8498 12380 44530 6915 86131 11199 3649 14085
leaf_count=3997 39839 52062 11180 39750 37387 23269 11952 7749 52839 6110 33425 2259 32701 71411 11442 24767 765 54724 30002 66282 27125 12678 8498 12380 44530 6915 86131 11199 3649 14085
internal_value=0.000112566 -0.000559604 0.00215543 -0.00122267 0.0029806 0.0004573 0.000481529 -0.000656304 -0.000945262 0.00258562 0.00319634 -0.00249051 -0.00124485 0.000987705 -0.00301937 0.00395835 0.004862 -0.00315532 -0.000173443 -0.000605441 0.00070874 0.00590149 -0.00100506 -0.00134009 0.000614758 0.00460967 -0.00152883 -0.00347932 -0.000917548 0.00521019
internal_weight=841102 632873 208229 386636 140129 68100 246237 267262 227423 123454 86067 119374 192549 168003 79624 52642 27875 77365 56920 78234 34874 16675 159848 107009 115941 27110 98511 65923 33651 21000
internal_count=841102 632873 208229 386636 140129 68100 246237 267262 227423 123454 86067 119374 192549 168003 79624 52642 27875 77365 56920 78234 34874 16675 159848 107009 115941 27110 98511 65923 33651 21000
is_linear=0
shrinkage=0.05


Tree=15
num_leaves=31
num_cat=0
split_feature=18 19 8 15 20 13 13 8 10 11 19 19 20 7 13 13 10 4 20 4 20 2 7 15 4 6 3 16 15 4
split_gain=402.764 226.384 100.227 100.003 62.2129 70.6691 52.9455 49.9766 38.8176 38.0679 36.5789 33.815 33.5909 30.6752 25.8102 24.7146 20.7849 19.0063 18.4276 16.3254 14.0394 13.7369 13.3685 11.8219 11.8124 12.5804 11.5895 14.9801 11.5832 11.5717
threshold=-0.34614670778370066 0.3525607943622639 -2.1991868887675392 -0.13509260616723207 0.36723548615400298 1.1101111500655374 0.93981957068219779 0.65747993908750513 0.3631620818155174 -0.25942287984900164 0.15893910759680049 0.55811107159785711 0.032647938250190592 -0.32660005310793577 0.97317625547139308 1.3665530522870371 -0.37333581016478878 1.6354115123323203 0.29729729729729998 -0.57979189206094006 0.16666666666666888 0.55239296369686097 -0.32660005310793577 0.4206895251273185 -0.43800143372277422 0.051526828713508978 -0.43843964419791409 0.90429296831803196 -0.30861273925313842 -0.52306882951230571
decision_type=2 2 2 2 2 2 2 2 2 2 2 2 2 2 2 2 2 2 2 2 2 2 2 2 2 2 2 2 2 2
left_child=2 3 13 16 5 -4 -5 11 12 -8 15 -3 24 18 -13 -11 -2 26 -1 -16 -15 -9 -6 -12 -7 -26 -17 -28 -21 -14
right_child=1 7 4 6 22 8 9 21 -10 10 23 14 29 20 19 17 -18 -19 -20 28 -22 -23 -24 -25 25 -27 27 -29 -30 -31
leaf_value=0.007222368238889919 0.0022044699404303899 0.00050601835889853113 0.00057409980306134952 -0.00062617042152276993 0.0021760137433172884 0.0024667901192446072 -0.00055600968297970783 0.00048861360364595402 -0.0014647629236440344 -0.0023096507094718141 -0.0011632587053978269 0.00040547791108745527 0.0010186543069554339 0.004086791935216552 0.0011702280378508879 -0.0026202509911102709 -0.0001388257534244066 -0.00072127191121131289 0.0028192755253445573 0.0049479674897338257 0.00072977575955652033 -0.00092737559964283412 -0.00068618114920554246 -0.0030635566758865423 0.0049950705493288471 0.0029655169417085294 -0.0047951211503024851 -0.0021248262718766321 0.0028054306202052242 0.0023947599989626216
leaf_weight=10522 10939 58671 82981 71494 4554 13579 30658 29992 6007 70649 52552 15239 21756 8459 11707 12107 69724 4888 3092 8404 4934 39909 38449 9692 20211 12370 34424 6225 25588 51467
leaf_count=10522 10939 58671 82981 71494 4554 13579 30658 29992 6007 70649 52552 15239 21756 8459 11707 12107 69724 4888 3092 8404 4934 39909 38449 9692 20211 12370 34424 6225 25588 51467
internal_value=0.000104231 -0.00066517 0.00165986 -0.00137957 0.00134877 0.0017061 -0.00180914 0.000742262 0.00245513 -0.00219146 -0.00245456 0.00136294 0.00265247 0.00455382 0.00218777 -0.00293714 0.000179191 -0.00370566 0.00622514 0.00278188 0.00285153 -0.000319843 -0.00038264 -0.0014596 0.00370889 0.00422566 -0.00398198 -0.00438681 0.00333644 0.00198609
internal_weight=841243 562862 278381 373352 251374 208371 292689 189510 125390 221195 190537 119609 119383 27007 60938 128293 80663 57644 13614 45699 13393 69901 43003 62244 46160 32581 52756 40649 33992 73223
internal_count=841243 562862 278381 373352 251374 208371 292689 189510 125390 221195 190537 119609 119383 27007 60938 128293 80663 57644 13614 45699 13393 69901 43003 62244 46160 32581 52756 40649 33992 73223
is_linear=0
shrinkage=0.05


Tree=16
num_leaves=31
num_cat=0
split_feature=0 19 20 0 0 7 8 2 10 20 18 7 0 18 18 18 18 0 8 8 8 19 6 7 0 11 0 16 19 18
split_gain=425.019 152.517 113.01 92.5919 62.7985 60.6763 56.0174 49.2775 23.368 22.6934 22.0528 22.2844 20.0304 24.5 19.8366 19.0588 18.8798 21.0555 17.5998 17.4528 16.473 16.3965 12.9181 12.2595 12.2087 11.9971 13.8272 13.1346 11.6078 11.1308
threshold=-0.47133153225987684 0.26981362225577427 0.15254237288135655 0.75269039442270491 -1.6317515905860662 -0.32011897299092501 0.34098116433923459 0.54199046934169892 -0.28998630522802993 0.36376474343034043 0.10962665220991995 0.38360661104012495 -0.79889454417946248 -0.14977429825030109 -0.62007185107632945 -0.38459380046139618 -0.52455687188644939 -2.6689550576550238 -0.51077760241533221 -2.1991868887675392 0.73126755913824748 0.15015244091086474 -0.072808039240841102 -0.26907116583150276 1.0000000180025095e-35 -0.35418144122636186 1.3084260797288707 1.0283701746734601 0.47020572072708083 0.4041016376790873
decision_type=2 2 2 2 2 2 2 2 2 2 2 2 2 2 2 2 2 2 2 2 2 2 2 2 2 2 2 2 2 2
left_child=2 3 4 6 16 -4 8 18 23 -7 -5 21 13 19 24 -8 17 -1 -3 -6 -9 25 -11 -2 -10 -12 -27 -28 -14 -17
right_child=1 7 5 10 12 9 15 20 14 22 11 -13 28 -15 -16 29 -18 -19 -20 -21 -22 -23 -24 -25 -26 26 27 -29 -30 -31
leaf_value=0.0075759275671430995 0.003121347548487528 0.0013373810778992714 0.0032213903531607066 -0.007324722617392667 0.0055427704208939506 0.00076388466890334975 -3.468102823637775e-05 0.0013695306617736566 0.0008674618194305973 0.00057178165042766935 4.4710367737900146e-05 -0.0039398838125581257 0.0011865878077504813 0.009724688086191766 -0.00059576388061545796 -0.0022643524237945375 0.01250562602954948 0.0041259648223493641 0.00036462067059521192 0.0026073413713925578 -0.0011848921612715854 -0.00071254051692269302 -0.0017068650110203252 0.00070414117908861875 0.0056078189899941211 -0.0019091880303492383 -0.0038189210317729409 -0.001010882869421156 0.0032094519821332908 -0.00122524023451429
leaf_weight=6075 6957 82448 19503 2203 5652 48578 19924 7187 14452 9002 5009 17204 32514 1345 92273 49551 880 16470 106647 48801 51358 20037 20086 21266 1490 42240 23884 5054 9070 53800
leaf_count=6075 6957 82448 19503 2203 5652 48578 19924 7187 14452 9002 5009 17204 32514 1345 92273 49551 880 16470 106647 48801 51358 20037 20086 21266 1490 42240 23884 5054 9070 53800
internal_value=9.81127e-05 -0.000566785 0.00199835 -0.00120223 0.00301933 0.000728824 -0.000678181 0.000396358 1.98304e-05 0.000102572 -0.00237911 -0.00228242 0.00245977 0.0030789 -0.000314363 -0.00145066 0.00534352 0.00505854 0.000788806 0.00291299 -0.00087113 -0.0019857 -0.00100173 0.00130088 0.00131375 -0.0023204 -0.00248682 -0.00332902 0.00162847 -0.00172361
internal_weight=840960 622984 217976 375344 120807 97169 259713 247640 136438 77666 115631 113428 97382 55798 108215 123275 23425 22545 189095 54453 58545 96224 29088 28223 15942 76187 71178 28938 41584 103351
internal_count=840960 622984 217976 375344 120807 97169 259713 247640 136438 77666 115631 113428 97382 55798 108215 123275 23425 22545 189095 54453 58545 96224 29088 28223 15942 76187 71178 28938 41584 103351
is_linear=0
shrinkage=0.05


Tree=17
num_leaves=31
num_cat=0
split_feature=0 15 19 20 0 5 8 19 13 15 18 15 0 13 20 18 8 13 11 4 19 18 5 17 19 18 4 0 13 5
split_gain=389.251 193.139 92.7646 89.8534 71.514 48.6495 44.3732 39.0135 39.7352 34.5758 26.8709 26.019 23.6595 20.3607 20.2704 17.8718 17.8514 16.6341 16.6141 18.9609 15.386 21.3006 14.8096 14.6369 14.5391 15.075 14.2996 13.3776 13.3416 12.8725
threshold=-0.64708255272159387 0.25392887575405415 0.17178193905320266 0.12192175078667276 0.75269039442270491 -0.26361897826643826 -2.1991868887675392 0.22513505520915308 1.0324032945894028 -0.29199065803697527 -0.10052331684444925 -0.24501598482968256 -1.1447056808833354 1.1435804999307222 0.44828480376554214 -0.5093642702085277 1.6610915109003785 1.2989606315612323 0.030638201523231049 0.68969511282814289 0.49038639272002998 -0.10052331684444925 0.19657821683760157 0.72026135193471508 0.00029794419690672304 -1.0000000180025095e-35 1.1033675653092165 -0.25023411413236823 1.0149177135116556 -0.4150073132142858
decision_type=2 2 2 2 2 2 2 2 2 2 2 2 2 2 2 2 2 2 2 2 2 2 2 2 2 2 2 2 2 2
left_child=3 2 4 6 9 29 13 8 -3 23 12 17 -8 -1 -7 28 18 -4 -10 -20 21 -13 -9 -2 25 -17 -18 -23 -11 -5
right_child=1 7 11 5 -6 14 10 22 16 15 -12 20 -14 -15 -16 24 26 -19 19 -21 -22 27 -24 -25 -26 -27 -28 -29 -30 -31
leaf_value=0.003579572262154575 0.00059100830151012987 -0.0010397844061172834 0.0010261177940307112 0.0047869211649329696 -0.0023197708141547333 0.00073527108482322246 0.0037598994238463267 -5.3304649863221954e-05 -0.0012214045329745726 -0.00041338420388008289 0.0086403050771310629 0.0011235773350444091 0.0019591528164098239 0.0076934123909596225 -0.0018289764202993075 -0.001571074105631955 -0.0042559248745457044 0.0026099634954452758 -0.0042572920888375157 -0.0016757789250052722 0.0011181346628716306 -0.0040285107190108881 -0.0014100256793577052 0.0028479271666116399 -0.0013806591338171483 0.00035893741619052533 -0.0017592845916138793 -0.00020943999344108703 0.0016550502156633872 0.0021894286411598728
leaf_weight=4909 20070 51170 41067 7683 46427 48865 33442 39031 23073 15990 2000 38087 40219 7879 9140 13995 26011 27815 14923 13623 67675 2359 41493 11185 49885 36441 7383 71527 15197 12646
leaf_count=4909 20070 51170 41067 7683 46427 48865 33442 39031 23073 15990 2000 38087 40219 7879 9140 13995 26011 27815 14923 13623 67675 2359 41493 11185 49885 36441 7383 71527 15197 12646
internal_value=0.000139464 -0.000395405 0.000186803 0.00230223 -0.000589036 0.00106883 0.00339433 -0.00162507 -0.00214093 -9.52434e-05 0.0029332 0.000839831 0.00277709 0.00611824 0.00033097 -0.000450532 -0.00280352 0.00166597 -0.00221995 -0.00302634 0.000522992 0.000163227 -0.000752494 0.00139933 -0.000775506 -0.000176808 -0.00370464 -0.000331902 0.000594743 0.00317298
internal_weight=841210 674427 457720 166783 209190 78334 88449 216707 136183 162763 75661 248530 73661 12788 58005 131508 85013 68882 51619 28546 179648 111973 80524 31255 100321 50436 33394 73886 31187 20329
internal_count=841210 674427 457720 166783 209190 78334 88449 216707 136183 162763 75661 248530 73661 12788 58005 131508 85013 68882 51619 28546 179648 111973 80524 31255 100321 50436 33394 73886 31187 20329
is_linear=0
shrinkage=0.05


Tree=18
num_leaves=31
num_cat=0
split_feature=1 15 18 20 19 18 2 10 0 0 0 1 20 15 15 20 19 17 20 8 7 0 0 19 15 0 6 19 7 19
split_gain=399.712 154.18 96.3218 88.3222 64.3271 80.4988 38.9762 35.684 28.9763 28.1774 27.4511 26.7652 24.2662 18.4574 17.5276 15.2704 14.5928 14.4833 14.3318 14.2245 12.3835 12.2479 13.9162 19.7349 11.5267 11.4701 14.7551 11.1446 10.7234 10.0736
threshold=-0.53741933375759143 0.28205320640733128 0.24181434548264033 0.11475409836066798 0.35566585414945145 -0.39999999999998942 -0.93513284071587865 -0.20169102099790565 -2.6689550576550238 1.1521606709126704 -0.53329013499388045 0.90728737541331606 0.46281228133215818 0.4206895251273185 0.49781791190384661 0.2258064516129151 0.1478787241852729 0.59318626435060151 0.37037037037037152 -2.251366963494037 -0.32660005310793577 -0.040326812323073002 -1.0671199491233083 0.22750399686897368 -0.14285714285714057 0.32075922592275447 0.075969373085738506 0.64465541430534945 0.92299443843438411 0.00065573770491743648
decision_type=2 2 2 2 2 2 2 2 2 2 2 2 2 2 2 2 2 2 2 2 2 2 2 2 2 2 2 2 2 2
left_child=2 4 3 8 5 15 -5 -7 -1 12 27 24 13 -3 -15 17 -4 -2 -8 20 -10 22 23 -21 -9 26 -12 -6 -11 -16
right_child=1 9 16 6 10 7 18 11 19 28 25 -13 -14 14 29 -17 -18 -19 -20 21 -22 -23 -24 -25 -26 -27 -28 -29 -30 -31
leaf_value=0.0077241063514566543 0.00012168312005220244 -0.0005384671937988982 -0.0018813227716572602 0.0031676240139876855 0.0022139677730397896 0.00017727029911471039 0.0016058673814969776 -0.00020489552723068833 0.0074013869151774315 -0.0026486408057755711 0.00072984220363662804 -0.0031667748486651349 -0.0023902458806149135 -0.0025363165699380315 3.7595778384340844e-05 -8.6719540036684853e-05 0.00040089852331434965 0.0016234477860195828 0.00013640389979585819 0.0032785447660970638 0.003817608910238498 0.0059058255338381551 0.0024038066808940725 0.0070460733306388044 -0.0013545670105004626 0.0015321649445986067 -0.00081056571401696932 0.0055188019857460129 -0.0061245828651794211 -0.0052580030091450292
leaf_weight=4746 24073 77101 12205 27619 12229 50042 36332 27465 4377 36759 70408 18096 42476 28722 12423 40781 16413 48201 30538 15509 5454 4290 28425 4489 105805 29030 19941 3225 2359 958
leaf_count=4746 24073 77101 12205 27619 12229 50042 36332 27465 4377 36759 70408 18096 42476 28722 12423 40781 16413 48201 30538 15509 5454 4290 28425 4489 105805 29030 19941 3225 2359 958
internal_value=8.62283e-05 -0.000503868 0.00210098 0.00257396 1.09053e-05 -0.000380849 0.0015878 -0.00098019 0.00395828 -0.00165564 0.000924531 -0.00136284 -0.00136415 -0.000998352 -0.00184019 0.000686872 -0.00057274 0.00112333 0.000934918 0.00367133 0.00541909 0.00334441 0.00311631 0.00412735 -0.00111767 0.000667704 0.000389805 0.00290676 -0.00285977 -0.000345181
internal_weight=840491 650094 190397 161779 449296 314463 94489 201408 67290 200798 134833 151366 161680 119204 42103 113055 28618 72274 66870 62544 9831 52713 48423 19998 133270 119379 90349 15454 39118 13381
internal_count=840491 650094 190397 161779 449296 314463 94489 201408 67290 200798 134833 151366 161680 119204 42103 113055 28618 72274 66870 62544 9831 52713 48423 19998 133270 119379 90349 15454 39118 13381
is_linear=0
shrinkage=0.05


Tree=19
num_leaves=31
num_cat=0
split_feature=1 15 0 19 0 0 20 0 20 0 20 9 1 20 5 19 19 2 19 15 7 0 3 12 7 20 20 6 17 16
split_gain=353.132 142.072 84.5908 56.0717 53.3284 44.5375 43.3785 37.4675 34.8991 25.6826 24.4752 23.0762 22.8721 21.8666 20.7603 20.4696 19.4514 18.9522 17.9375 16.4239 16.1919 14.8879 14.5397 14.0818 13.0496 12.9654 11.9978 10.8599 10.7569 10.389
threshold=-0.52677642103991806 0.25745582801986999 -0.97587558129753904 0.25600275836658543 0.38928021161669568 0.30397596433037838 0.12192175078667276 0.911508779483026 0.10830732217941576 -0.53329013499388045 0.46281228133215818 -2.6942192954448592 0.87222911753632881 0.10588235294117891 -0.4150073132142858 0.51472981529860895 0.53846153846154388 -1.4359632560998687 0.1478787241852729 0.39300430387704394 -0.38263157855298563 -0.81487115282301514 -0.60472788899184315 0.22890830933036591 0.40114644431277913 0.25847933714950538 0.32864921703758404 -0.0092470684443354389 0.68441664428282911 -0.54128647327118917
decision_type=2 2 2 2 2 2 2 2 2 2 2 2 2 2 2 2 2 2 2 2 2 2 2 2 2 2 2 2 2 2
left_child=2 3 6 4 8 13 11 10 21 15 19 -1 22 -4 -8 -5 23 -15 -7 -3 -10 -2 -6 -13 25 27 -11 -9 -21 -29
right_child=1 7 5 9 12 18 14 24 20 26 -12 16 -14 17 -16 -17 -18 -19 -20 28 -22 -23 -24 -25 -26 -27 -28 29 -30 -31
leaf_value=0.0081393950946707355 0.0023169036291831816 -0.00027301547218944964 0.0027187430948581825 0.0013842103184635174 0.00034984746041254666 -0.0021046310598496118 0.0046538968681461975 0.00026801788318640563 0.0019613413931376055 0.00077710721652928872 -0.0020990573541791722 0.0027768895976971 -0.0032432441143472272 0.0037877826426510209 0.0012859418751490488 0.0047035463355604972 0.011074791259923856 0.00091818896399729314 0.0005146949861341972 -0.00082384500487287101 -0.00053394939387421149 0.00055689763420370257 -0.0014440022196119573 0.004935359873842411 -0.0037792027375755199 -0.0043216035966667744 -0.00027184772745041379 -0.0035105176875698317 -0.0023731335761382507 -0.0014845475266190488
leaf_weight=4109 18089 73175 34973 16553 14314 11253 5759 5588 6896 111833 45730 14253 14658 6330 22188 6454 976 62427 15567 26507 110981 35776 53504 16210 16692 5709 36040 9347 19418 19642
leaf_count=4109 18089 73175 34973 16553 14314 11253 5759 5588 6896 111833 45730 14253 14658 6330 22188 6454 976 62427 15567 26507 110981 35776 53504 16210 16692 5709 36040 9347 19418 19642
internal_value=8.88479e-05 -0.000472313 0.00195957 6.29334e-05 -0.000407865 0.00123136 0.00345639 -0.00149808 9.39973e-05 0.000763323 -0.00111589 0.00461511 -0.00145279 0.00170092 0.00198139 0.002317 0.00415206 0.00118289 -0.000584683 -0.00073824 -0.000387817 0.00114827 -0.00106539 0.0039267 -0.00260331 -0.00211528 0.000521452 -0.00174984 -0.00147929 -0.00213877
internal_weight=840951 646906 194045 425098 254218 130550 63495 221808 171742 170880 164830 35548 82476 103730 27947 23007 31439 68757 26820 119100 117877 53865 67818 30463 56978 40286 147873 34577 45925 28989
internal_count=840951 646906 194045 425098 254218 130550 63495 221808 171742 170880 164830 35548 82476 103730 27947 23007 31439 68757 26820 119100 117877 53865 67818 30463 56978 40286 147873 34577 45925 28989
is_linear=0
shrinkage=0.05


end of trees

feature_importances:
Column_20=85
Column_0=78
Column_19=68
Column_15=55
Column_13=54
Column_18=43
Column_5=36
Column_1=28
Column_10=24
Column_7=23
Column_4=22
Column_8=18
Column_11=12
Column_6=11
Column_2=10
Column_3=8
Column_16=7
Column_17=7
Column_12=6
Column_9=3
Column_14=2

parameters:
[boosting: gbdt]
[objective: huber]
[metric: huber]
[tree_learner: serial]
[device_type: cpu]
[data_sample_strategy: bagging]
[data: ]
[valid: ]
[num_iterations: 20]
[learning_rate: 0.05]
[num_leaves: 31]
[num_threads: 4]
[seed: 0]
[deterministic: 1]
[force_col_wise: 0]
[force_row_wise: 0]
[histogram_pool_size: -1]
[max_depth: -1]
[min_data_in_leaf: 500]
[min_sum_hessian_in_leaf: 0.001]
[bagging_fraction: 0.8]
[pos_bagging_fraction: 1]
[neg_bagging_fraction: 1]
[bagging_freq: 1]
[bagging_seed: 7719]
[bagging_by_query: 0]
[feature_fraction: 0.8]
[feature_fraction_bynode: 1]
[feature_fraction_seed: 2437]
[extra_trees: 0]
[extra_seed: 11797]
[early_stopping_round: 0]
[early_stopping_min_delta: 0]
[first_metric_only: 0]
[max_delta_step: 0]
[lambda_l1: 0]
[lambda_l2: 10]
[linear_lambda: 0]
[min_gain_to_split: 0]
[drop_rate: 0.1]
[max_drop: 50]
[skip_drop: 0.5]
[xgboost_dart_mode: 0]
[uniform_drop: 0]
[drop_seed: 21238]
[top_rate: 0.2]
[other_rate: 0.1]
[min_data_per_group: 100]
[max_cat_threshold: 32]
[cat_l2: 10]
[cat_smooth: 10]
[max_cat_to_onehot: 4]
[top_k: 20]
[monotone_constraints: ]
[monotone_constraints_method: basic]
[monotone_penalty: 0]
[feature_contri: ]
[forcedsplits_filename: ]
[refit_decay_rate: 0.9]
[cegb_tradeoff: 1]
[cegb_penalty_split: 0]
[cegb_penalty_feature_lazy: ]
[cegb_penalty_feature_coupled: ]
[path_smooth: 0]
[interaction_constraints: ]
[verbosity: -1]
[saved_feature_importance_type: 0]
[use_quantized_grad: 0]
[num_grad_quant_bins: 4]
[quant_train_renew_leaf: 0]
[stochastic_rounding: 1]
[linear_tree: 0]
[max_bin: 255]
[max_bin_by_feature: ]
[min_data_in_bin: 3]
[bin_construct_sample_cnt: 200000]
[data_random_seed: 38]
[is_enable_sparse: 1]
[enable_bundle: 1]
[use_missing: 1]
[zero_as_missing: 0]
[feature_pre_filter: 1]
[pre_partition: 0]
[two_round: 0]
[header: 0]
[label_column: ]
[weight_column: ]
[group_column: ]
[ignore_column: ]
[categorical_feature: ]
[forcedbins_filename: ]
[precise_float_parser: 0]
[parser_config_file: ]
[objective_seed: 8855]
[num_class: 1]
[is_unbalance: 0]
[scale_pos_weight: 1]
[sigmoid: 1]
[boost_from_average: 1]
[reg_sqrt: 0]
[alpha: 0.9]
[fair_c: 1]
[poisson_max_delta_step: 0.7]
[tweedie_variance_power: 1.5]
[lambdarank_truncation_level: 30]
[lambdarank_norm: 1]
[label_gain: ]
[lambdarank_position_bias_regularization: 0]
[eval_at: ]
[multi_error_top_k: 1]
[auc_mu_weights: ]
[num_machines: 1]
[local_listen_port: 12400]
[time_out: 120]
[machine_list_filename: ]
[machines: ]
[gpu_platform_id: -1]
[gpu_device_id: -1]
[gpu_device_id_list: ]
[gpu_use_dp: 0]
[num_gpu: 1]

end of parameters

pandas_categorical:null
