tree
version=v4
num_class=1
num_tree_per_iteration=1
label_index=0
max_feature_idx=58
objective=huber
feature_names=Column_0 Column_1 Column_2 Column_3 Column_4 Column_5 Column_6 Column_7 Column_8 Column_9 Column_10 Column_11 Column_12 Column_13 Column_14 Column_15 Column_16 Column_17 Column_18 Column_19 Column_20 Column_21 Column_22 Column_23 Column_24 Column_25 Column_26 Column_27 Column_28 Column_29 Column_30 Column_31 Column_32 Column_33 Column_34 Column_35 Column_36 Column_37 Column_38 Column_39 Column_40 Column_41 Column_42 Column_43 Column_44 Column_45 Column_46 Column_47 Column_48 Column_49 Column_50 Column_51 Column_52 Column_53 Column_54 Column_55 Column_56 Column_57 Column_58
feature_infos=[-14.646899837805199:15.803646379462293] [-11.421811223601487:10.386334659700488] [-8.6292977516824525:8.3194614929512056] [-5.4151738432165804:6.5445667819392037] [-2.9779545967532552:3.3672779361937857] [-0.9121368973158781:0.94878133022991984] [-0.68561153854019097:0.76619619920585591] [-3.14902365250351:2.104023244239773] [-4.3029550328976933:4.322310922038227] [-7.9151415248212542:9.1466676350291802] [-0.5:0.5] [-0.5:0.5] [0.060562824956500422:0.81051822978408172] [0.225545952640823:5.1360127779157896] [0:0.8335198372329351] [-0.5:0.50000000000000022] [-4.6051701859880909:3.7800750269562391] [0.069453931169344091:4.4531434731689297] [-1:1] [0:1] [0:1] [-1:1] [-1:1] [-1:1] [-1:1] [-1:1] [-1:1] [-1:1] [-1:1] [-1:1] [-1:1] [-1:1] [-1:1] [-1:1] [-1:1] [-1:1] [-1:1] [-1:1] [-1:1] [-1:1] [-1:1] [-1:1] [-1:1] [-1:1] [-1:1] [-1:1] [-1:1] [-1:1] [-1:1] [-1:1] [-1:1] [-1:1] [-1:1] [-1:1] [-1:1] [-1:1] [-1:1] [-1:1] [-1:1]
tree_sizes=2935 3021 3033 3006 3003 3012 2991 2995 3011 3021 3033 3024 3018 2998 3026 3023 2984 2990 2990 3003 3007 2975 3023 2998

Tree=0
num_leaves=31
num_cat=0
split_feature=0 20 7 15 15 13 15 9 10 20 0 8 14 13 11 12 16 22 7 0 7 4 10 20 3 15 29 57 0 0
split_gain=90.3066 28.3537 15.3629 14.0149 9.9782 7.75901 6.79631 6.60065 6.79373 6.59404 7.52155 7.61853 5.72502 5.62982 5.17637 6.16906 4.89383 4.80352 4.74987 5.69242 4.41409 4.39556 4.63479 4.34208 5.36119 4.90712 4.32982 4.27791 5.12658 5.15209
threshold=-0.17510148169706419 0.18877744426049423 -0.52940594267829988 0.35411000411102789 -0.3447062436238667 1.5814729372237883 -0.30691089867847898 -2.3902721379471643 -0.34075950669756599 0.33891119801833525 0.48095561099266143 1.958012394023946 0.068509462635583843 1.4833437108120486 0.43074451381990103 0.2115361564517064 1.5341992699629172 -0.37940952255126026 0.80550218621175873 0.84334011684030941 -0.080069778223341589 1.3688129020439639 0.36270441116168206 0.41226530700211339 0.71989750349951509 0.2700962456844378 1.0000000180025095e-35 -1.0000000180025095e-35 -0.52756908878048059 -0.58419285297094714
decision_type=2 2 2 2 2 2 2 2 2 2 2 2 2 2 2 2 2 2 2 2 2 2 2 2 2 2 2 2 2 2
left_child=1 2 6 4 -2 20 12 16 17 10 13 -12 -1 -10 15 -5 -6 -9 -16 -20 -3 -4 -23 24 25 -7 -15 28 29 -25
right_child=3 5 21 14 7 23 -8 8 9 -11 11 -13 -14 26 18 -17 -18 -19 19 -21 -22 22 -24 27 -26 -27 -28 -29 -30 -31
leaf_value=0.012460051545153946 0.013290923095219627 0.01130164658967533 0.013324997586231305 0.0079787980873136811 0.0033059573085868609 0.013037653579088631 0.010360519640002662 0.0084220162432052589 0.0096992353165057024 0.0078541697419891345 0.0078400464684795397 0.013550757674622174 0.026085761676879621 0.010226021419504539 0.0092495631219012206 0.0047074093798924717 0.018417156089595186 0.014308976259478526 0.01161564877403813 -0.0049190095702866202 0.0092274621283070582 0.017943697694559689 0.0066558024520168143 0.011317515283111385 0.01702238869507873 0.005026647124227364 0.015078968419081145 0.0086767263480804838 0.016914892134243326 -0.0050212880107480835
leaf_weight=98 1244 4299 8676 2287 761 2158 115 541 7484 13200 7942 621 455 877 2321 3953 49 937 82 123 6330 902 96 443 826 201 962 1199 455 44
leaf_count=98 1244 4299 8676 2287 761 2158 115 541 7484 13200 7942 621 455 877 2321 3953 49 937 82 123 6330 902 96 443 826 201 962 1199 455 44
internal_value=0.00986025 0.0121717 0.0142098 0.00845892 0.00891159 0.0108486 0.0215012 0.00874731 0.00885914 0.00870142 0.00932735 0.00825827 0.023764 0.0103097 0.00667414 0.00590181 0.00431595 0.0121604 0.00858923 0.00147902 0.0100672 0.0136946 0.016839 0.0124044 0.0135725 0.0123385 0.0127803 0.0106564 0.0131599 0.00957598
internal_weight=69681 26297 10342 43384 34618 15955 668 33374 32564 31086 17886 8563 553 9323 8766 6240 810 1478 2526 205 10629 9674 998 5326 3185 2359 1839 2141 942 487
internal_count=69681 26297 10342 43384 34618 15955 668 33374 32564 31086 17886 8563 553 9323 8766 6240 810 1478 2526 205 10629 9674 998 5326 3185 2359 1839 2141 942 487
is_linear=0
shrinkage=1


Tree=1
num_leaves=31
num_cat=0
split_feature=1 18 19 20 1 1 20 18 4 58 22 19 2 1 10 4 12 4 12 16 2 13 9 10 2 51 17 1 20 6
split_gain=73.694 28.355 22.7882 22.5924 11.7543 11.6573 8.57013 7.90499 8.33654 7.11035 6.78083 8.9794 5.54149 5.19634 5.10645 4.77831 4.7776 4.70026 4.57967 5.53797 4.3024 4.24567 4.19753 4.17464 5.83244 5.64396 4.82518 4.76881 4.10531 5.40547
threshold=-0.44335283389385655 -0.26051488693809982 0.24201711146554897 0.30328579140267642 0.75871784116809626 0.35513868634871487 0.16253071596949678 0.037509770713908236 0.39578800758989763 1.0000000180025095e-35 0.91597561503675362 0.48780487804878353 -0.37734416663913189 -0.24402888461737346 0.45735120444083466 0.9994713596453727 0.18805986221739138 0.91975826223121826 0.36823632428791403 0.29881499525736582 -1.2144981173935006 2.3491498826322998 1.6229008900329325 -0.40437632721935329 -0.030193381371926481 1.0000000180025095e-35 1.0440396077504115 -1.507427579910374 0.22821582617793063 -0.15880773883535684
decision_type=2 2 2 2 2 2 2 2 2 2 2 2 2 2 2 2 2 2 2 2 2 2 2 2 2 2 2 2 2 2
left_child=3 4 5 9 6 12 -2 8 -5 16 11 17 21 -8 -7 -11 -1 -4 19 -16 -9 -3 -13 26 25 -25 -18 28 29 -28
right_child=1 2 10 7 -6 14 13 20 -10 15 -12 22 -14 -15 18 -17 23 -19 -20 -21 -22 -23 -24 24 -26 -27 27 -29 -30 -31
leaf_value=0.0017650234063999811 0.0025515028974133994 0.00051127441743769198 -0.0013368334637455792 0.00054271064400773057 0.0058580266217648919 -0.0044755311931600162 0.0021196816977144934 -0.0055406086260633433 0.0047203791957515706 0.0055251340147389767 -0.0026790835408579926 0.00093603119627807402 -0.0020009513850428482 -0.00082834124890788065 -0.0029322438490833047 0.010725475434565824 0.0097715848728398245 0.0010724514159106814 -0.0054320668444341547 0.0039360774292365678 -0.00023543516486504998 0.011214045123482237 0.0041590317452727251 0.00034882350450261157 0.006601493915979216 0.0049572969272373155 0.010893623313071052 -0.0019158482060370819 -0.0030572310182227134 -0.003844182940695105
leaf_weight=1723 4545 1726 8679 3059 1255 7435 1937 480 1952 1242 2482 5914 7130 6426 608 723 779 2631 480 549 1741 88 1211 1393 1344 1263 374 227 86 69
leaf_count=1723 4545 1726 8679 3059 1255 7435 1937 480 1952 1242 2482 5914 7130 6426 608 723 779 2631 480 549 1741 88 1211 1393 1344 1263 374 227 86 69
internal_value=0.000248928 -0.000657219 -0.00135405 0.00317145 0.00125791 -0.00265695 0.000806465 0.00107703 0.00217625 0.00481081 -0.000231111 9.97465e-05 -0.00137371 -0.000143818 -0.00391917 0.00748316 0.004078 -0.000775919 -0.00138043 0.000332597 -0.00140168 0.00108912 0.00148889 0.00479354 0.0039248 0.00255065 0.00701728 0.00408866 0.006653 0.00856393
internal_weight=69551 53096 38933 16455 14163 18016 12908 7232 5011 9223 20917 18435 8944 8363 9072 1965 7258 11310 1637 1157 2221 1814 7125 5535 4000 2656 1535 756 529 443
internal_count=69551 53096 38933 16455 14163 18016 12908 7232 5011 9223 20917 18435 8944 8363 9072 1965 7258 11310 1637 1157 2221 1814 7125 5535 4000 2656 1535 756 529 443
is_linear=0
shrinkage=0.05


Tree=2
num_leaves=31
num_cat=0
split_feature=0 1 19 1 20 7 20 1 8 12 11 20 19 2 22 9 58 2 3 2 7 0 1 10 0 6 13 21 7 2
split_gain=78.7108 27.6033 27.1558 16.8372 11.6392 10.4508 9.07335 7.91844 6.34976 6.03588 7.68349 5.92838 5.18114 4.99289 4.68168 4.5632 4.5307 3.92644 4.32819 3.8822 4.10353 3.78557 4.54284 4.62927 3.71572 3.68521 3.67413 3.62592 4.35893 3.56011
threshold=-0.17510148169706419 -0.24402888461737346 0.43512090490427974 0.35513868634871487 0.22821582617793063 -0.51215678351145832 0.15586559418603732 0.66933436104925381 -1.031216379503612 0.39460259201923437 0.49566199799363936 0.18877744426049423 0.24201711146554897 0.52797912185314455 0.91597561503675362 -2.6243543625630097 1.0000000180025095e-35 0.09519361839019308 1.689119855548584 -2.1801404981204162 -0.27045598654200398 0.48095561099266143 -1.4464643003210027 -0.36518855216103757 -0.56000157722119581 0.20284173347803328 2.3922987662761965 -1.0000000180025095e-35 -0.14767765225066645 -1.8462386278662626
decision_type=2 2 2 2 2 2 2 2 2 2 2 2 2 2 2 2 2 2 2 2 2 2 2 2 2 2 2 2 2 2
left_child=1 4 3 11 5 -1 27 8 -8 10 12 26 -5 19 15 -4 -6 18 21 -7 25 22 -13 -24 -9 -21 -2 -3 -29 -25
right_child=2 6 14 9 16 13 7 24 -10 -11 -12 17 -14 -15 -16 -17 -18 -19 -20 20 -22 -23 23 29 -26 -27 -28 28 -30 -31
leaf_value=0.011036734218264281 0.00049046125340942255 0.0045325287261389754 -0.0066621795839027446 -0.003596480645412764 0.0018938810049783355 -0.0056404044358336399 0.0023215327494267458 0.0061098669293266142 -0.0016561245243904771 -0.0054456991490933722 0.0075432676639372257 -0.0067342913830016398 -0.0012725092548595493 0.0084102916911085925 -0.001638685296118617 0.0016087984910292297 0.0049677525607474933 -0.0023557394714108395 0.0071197898195929496 0.0075815689681000666 0.0035813321126093468 -0.0027307239491264085 0.0045469811918788933 -0.0088488636652877452 0.0010628521406756619 -0.0049770462083128788 0.0083724388097918111 0.0059456690011741968 0.00028979347073708787 -0.00017951099516172689
leaf_weight=734 4465 1597 160 7075 5746 91 1211 585 5636 2327 173 247 3649 801 1374 9705 1515 5487 166 1117 4097 1947 514 111 956 55 143 413 1756 5586
leaf_count=734 4465 1597 160 7075 5746 91 1211 585 5636 2327 173 247 3649 801 1374 9705 1515 5487 166 1117 4097 1947 514 111 956 55 143 413 1756 5586
internal_value=0.000289179 0.00244398 -0.00102558 -0.00177026 0.00394387 0.00541518 0.000695229 -0.000220743 -0.000950253 -0.0031346 -0.00263654 -0.000802527 -0.00280764 0.00472865 0.00108712 0.00146804 0.00254119 -0.00131247 -0.000642617 0.00416383 0.00434352 -0.000804204 -0.00022006 4.94072e-05 0.00300586 0.00695509 0.000752663 0.00273055 0.00138907 -0.000363633
internal_weight=69439 26310 43129 31890 14156 6895 12154 8388 6847 13224 10897 18666 10724 6161 11239 9865 7261 14058 8571 5360 5269 8405 6458 6211 1541 1172 4608 3766 2169 5697
internal_count=69439 26310 43129 31890 14156 6895 12154 8388 6847 13224 10897 18666 10724 6161 11239 9865 7261 14058 8571 5360 5269 8405 6458 6211 1541 1172 4608 3766 2169 5697
is_linear=0
shrinkage=0.05


Tree=3
num_leaves=31
num_cat=0
split_feature=0 19 20 1 1 1 1 19 12 1 19 22 0 4 7 2 0 8 2 2 20 5 21 10 4 17 15 9 21 12
split_gain=68.4724 29.2432 19.2773 14.2709 13.7144 10.407 9.83199 6.50026 5.62235 5.45312 4.8441 5.15236 4.73982 4.66916 5.01117 4.66604 4.6085 4.39304 4.13039 4.59524 4.02385 3.94607 4.20609 4.89182 3.93387 4.60338 4.37207 4.00388 4.66006 3.88501
threshold=-0.17510148169706419 0.30070608266595739 0.16913233447536777 0.38660956933826124 -0.69096424731645822 -0.24402888461737346 -0.064088664301134038 0.096173571361581583 0.28374120061389274 0.72822194370829385 0.46818303219552293 0.91597561503675362 -0.12997745222132223 -0.12012265473496841 0.80550218621175873 -1.7679840730897092 1.2805970414055261 2.4904460066506613 3.085628258256627 0.09519361839019308 0.2674141330740113 -0.4785898111687063 -0.60355339059327384 -0.3837163537942207 -1.8854684214286819 0.6748878323952886 -0.41931402517859029 -1.9539788378585679 0.12940952255126045 0.19620911249173137
decision_type=2 2 2 2 2 2 2 2 2 2 2 2 2 2 2 2 2 2 2 2 2 2 2 2 2 2 2 2 2 2
left_child=2 3 4 18 7 8 12 -1 -4 -7 16 15 -3 -5 17 -12 29 -15 19 -2 -14 -6 23 -23 -10 -26 -27 28 -28 -8
right_child=1 6 5 13 21 9 10 -9 24 -11 11 -13 20 14 -16 -17 -18 -19 -20 -21 -22 22 -24 -25 25 26 27 -29 -30 -31
leaf_value=0.0038144505165301767 -0.00040653232573416455 -0.0023758054176406676 0.0013570453427506797 -0.0051146324627833846 0.015290107371078599 -0.00061504474633307599 0.00023915438671639512 0.0087549704366246869 -0.0046166832677851941 0.0028600193088924703 -0.010376919777847307 -0.003181834649940863 0.0036990109749491179 -0.0030791893055740777 -0.010243380612413273 0.0013696597155169671 0.0034453741132730005 0.00068154700958282836 0.012574152044782586 -0.0022443633531193858 0.0011413417896316092 -0.005836734428857137 0.0018959077368499078 0.0055225603592704842 0.00094946944667954447 0.012387369248323406 0.0049827598047949388 0.0058725392903048838 -0.0027079892328422351 -0.0025705493127341867
leaf_weight=1082 8274 553 5081 3333 53 6731 1770 1831 123 1346 76 761 3085 5432 210 5352 459 902 45 5772 3082 93 4685 1541 843 189 433 1846 346 4013
leaf_count=1082 8274 553 5081 3333 53 6731 1770 1831 123 1346 76 761 3085 5432 210 5352 459 902 45 5772 3082 93 4685 1541 843 189 433 1846 346 4013
internal_value=0.000256016 -0.000969221 0.0022703 -0.0021328 0.00410029 0.00126532 0.000487378 0.0069392 0.00244757 -3.31186e-05 -0.000345731 0.000645024 0.00202673 -0.00358927 -0.00280576 0.00118641 -0.00132753 -0.00254341 -0.00111007 -0.00116282 0.00242472 0.00279362 0.00266481 0.00484447 0.00390599 0.00420445 0.00517275 0.00460825 0.00157582 -0.00171166
internal_weight=69342 43119 26223 23968 9285 16938 19151 2913 8861 8077 12431 6189 6720 9877 6544 5428 6242 6334 14091 14046 6167 6372 6319 1634 3780 3657 2814 2625 779 5783
internal_count=69342 43119 26223 23968 9285 16938 19151 2913 8861 8077 12431 6189 6720 9877 6544 5428 6242 6334 14091 14046 6167 6372 6319 1634 3780 3657 2814 2625 779 5783
is_linear=0
shrinkage=0.05


Tree=4
num_leaves=31
num_cat=0
split_feature=18 19 1 1 20 1 1 3 58 20 5 6 21 1 2 2 9 22 21 12 7 14 17 3 19 12 10 9 2 12
split_gain=62.254 24.4778 19.9221 17.2563 12.0767 11.8758 8.23856 6.34411 5.94996 5.78458 5.64695 5.41464 5.0895 5.04013 4.99551 4.37697 7.03261 4.30074 4.14579 4.01637 5.74015 7.02667 4.44838 3.99633 3.95046 3.94925 3.87787 4.80497 5.08937 4.28882
threshold=-0.26051488693809982 0.38855173817813193 0.35513868634871487 -0.22278528078348683 0.17778741447431648 0.75871784116809626 -0.040679786893630672 1.6391130309994135 1.0000000180025095e-35 0.15586559418603732 -0.432630723076112 0.041624283215444403 -0.60355339059327384 -0.45390842125757386 0.15834799362839222 2.764311309577185 2.1740588469425783 0.91597561503675362 -0.25881904510252046 0.41184234918105062 0.34645153262081546 0.19854219687834421 0.80567074370192848 -0.81753985893132675 0.59284496788268226 0.25429928841470523 -0.42886032029186022 -1.9983728457745322 -0.86780759158702347 0.43059172769599408
decision_type=2 2 2 2 2 2 2 2 2 2 2 2 2 2 2 2 2 2 2 2 2 2 2 2 2 2 2 2 2 2
left_child=3 2 18 4 10 9 26 -7 -6 12 23 -12 -5 -10 -15 16 -4 -8 -2 20 -18 -22 -23 -1 -19 -24 -3 -28 -29 -30
right_child=1 6 15 5 8 7 17 -9 13 -11 11 -13 -14 14 -16 -17 19 24 -20 -21 21 22 25 -25 -26 -27 27 28 29 -31
leaf_value=0.012226595193464924 0.00035992410694480476 0.0086086123699527072 -0.0034514691288281968 0.0053574773302265512 0.0015155862077124761 0.0037983247280859722 0.00028135411044502714 0.013578738958455492 0.0066843603537041956 -0.000640340623215671 0.0036244290855606599 0.0072450051569634549 0.00078859535826919307 0.0046135569649857272 -0.0060911188269347901 -0.0085768140405659554 0.0047919723962001667 -0.00080726891672469711 -0.0011960852300368498 -0.0037995910499720033 -0.011435827441301023 -0.010377998279063437 -0.004217062613039663 0.0020438471228640151 -0.0069056154574884676 0.007057284323219973 -0.0027971775203714782 0.0068349256442907531 0.0014366496472773159 0.0071480905236376334
leaf_weight=445 7198 222 10846 812 5964 1100 8042 189 1148 6367 3346 1518 2376 264 171 354 638 756 10539 471 139 59 106 128 402 234 471 575 4313 347
leaf_count=445 7198 222 10846 812 5964 1100 8042 189 1148 6367 3346 1518 2376 264 171 354 638 756 10539 471 139 59 106 128 402 234 471 575 4313 347
internal_value=0.00024222 -0.000837873 -0.00165143 0.00231377 0.00354281 0.00084027 0.000806888 0.00532587 0.00224378 0.000230213 0.00533855 0.00476692 0.00196543 0.00496052 0.000363196 -0.00315009 -0.00298958 -0.000130078 -0.000564781 5.454e-05 0.00161718 -0.00216646 0.00126336 0.010026 -0.00296531 0.00352228 0.00225879 0.00199711 0.00243297 0.00187634
internal_weight=69540 45712 30584 23828 12984 10844 15128 1289 7547 9555 5437 4864 3188 1583 435 12847 12493 9200 17737 1647 1176 538 399 573 1158 340 5928 5706 5235 4660
internal_count=69540 45712 30584 23828 12984 10844 15128 1289 7547 9555 5437 4864 3188 1583 435 12847 12493 9200 17737 1647 1176 538 399 573 1158 340 5928 5706 5235 4660
is_linear=0
shrinkage=0.05


Tree=5
num_leaves=31
num_cat=0
split_feature=0 20 1 1 1 58 9 5 8 9 16 5 22 21 9 8 11 7 10 16 9 16 12 9 21 2 11 1 12 18
split_gain=64.2343 18.0574 17.9391 10.3746 9.19098 7.35042 6.94912 6.26019 5.94575 8.4213 5.95516 5.81391 4.56694 5.11913 4.36432 4.35165 4.1969 4.41624 6.15465 4.55198 4.20915 4.15485 5.29082 5.13801 4.71537 4.13189 3.88391 6.17931 3.77563 3.72903
threshold=-0.17510148169706419 0.18877744426049423 0.38660956933826124 -0.70629684018363303 -0.45390842125757386 1.0000000180025095e-35 -1.4640404588132365 -0.49776036957816511 -0.8859082978418279 -2.7199891531007041 -0.64720508126258969 -0.4785898111687063 1.0000000180025095e-35 -0.60355339059327384 -1.9539788378585679 0.78011059188681187 0.29451483815234825 -0.71149275528359135 -0.44438484230665315 0.45390376491107831 -1.5603768732948746 0.41249236181827459 0.2115361564517064 3.8370325280065627 0.25881904510252091 -1.7679840730897092 -0.40382988348252186 -1.507427579910374 0.25656360115883348 0.51142688051334784
decision_type=2 2 2 2 2 2 2 2 2 2 2 2 2 2 2 2 2 2 2 2 2 2 2 2 2 2 2 2 2 2
left_child=1 3 8 16 5 7 -4 28 9 25 15 -5 -11 -14 -9 -10 17 18 -1 20 -19 22 -8 -23 -24 -2 27 -21 -3 -26
right_child=2 4 6 11 -6 -7 21 14 10 12 -12 -13 13 -15 -16 -17 -18 19 -20 26 -22 23 24 -25 29 -27 -28 -29 -30 -31
leaf_value=0.019347318440184808 -0.0086430730090876536 -0.0041944827192236444 -0.0059885478501179737 0.017154402283114802 0.00010519133362006444 0.0059106857707767919 -0.0010684801973549131 -0.0022968059903570449 -0.00070422735968695251 0.00023705410973347816 0.00032018521145706481 0.0025344401035728983 0.0060327652041846508 0.0015751291349424678 0.0017850974727476152 -0.0027574410998240824 0.010438557855694829 0.010573835910207175 0.0034088217020868811 0.001082726036874214 0.0046618415068582515 -0.00022354825337521193 -0.00449781329590668 -0.0082786154053805482 -0.00020476582710457294 0.00083880450322546755 0.0040276649521710488 -0.015701851018533951 0.0082032146628428036 -0.0037503379824006347
leaf_weight=119 309 64 1196 59 9706 1292 3918 792 7546 3343 8808 7095 910 2185 3578 3920 476 421 124 236 1126 3764 3966 199 1595 177 668 61 479 1378
leaf_count=119 309 64 1196 59 9706 1292 3918 792 7546 3343 8808 7095 910 2185 3578 3920 476 421 124 236 1126 3764 3966 199 1595 177 668 61 479 1378
internal_value=0.000178233 0.00212627 -0.00100738 0.00374719 0.00106662 0.00256791 -0.00233436 0.00167863 -0.000225389 0.00103867 -0.00065739 0.00267879 0.00152022 0.00290098 0.00104176 -0.00140797 0.00609725 0.00531213 0.0116703 0.00465323 0.00632831 -0.00203562 -0.00254113 -0.000647848 -0.0033699 -0.00524251 0.00193054 -0.00276378 0.00669255 -0.00185522
internal_weight=69510 26296 43214 10385 15911 6205 16016 4913 27198 6924 20274 7154 6438 3095 4370 11466 3231 2755 243 2512 1547 14820 10857 3963 6939 486 965 297 543 2973
internal_count=69510 26296 43214 10385 15911 6205 16016 4913 27198 6924 20274 7154 6438 3095 4370 11466 3231 2755 243 2512 1547 14820 10857 3963 6939 486 965 297 543 2973
is_linear=0
shrinkage=0.05


Tree=6
num_leaves=31
num_cat=0
split_feature=18 1 19 20 1 7 20 16 6 20 22 3 7 12 15 12 7 10 15 17 17 20 15 22 12 22 20 20 9 8
split_gain=52.6883 24.9538 19.4396 12.4543 12.0759 8.27659 8.07989 7.00367 6.0141 5.7139 5.34217 6.43973 5.19338 4.75305 4.61925 4.46951 5.93951 5.78463 4.384 4.30383 4.29848 4.05052 3.93687 4.14015 3.85529 3.78929 3.66638 3.75717 3.63471 3.63055
threshold=-0.10327249685618571 -0.66204771766946502 0.46040844954419208 0.12366568027111248 0.35513868634871487 -0.54855346246391046 0.32848239966639453 0.99808489421118851 0.083440986630396188 0.09866321763769724 0.91597561503675362 -2.5658370422694996 -0.81114536870086462 0.43686554775512237 -0.29123174290956616 0.46038469517323333 -0.19751921058937119 0.4481888095265793 0.37731621565819445 0.4773253956330385 1.6509593212415117 0.092051091777669999 -0.36834446859974712 0.1294095225512602 0.2636809860283354 -0.37940952255126026 0.21928986525587421 0.23282175090735846 2.0998799098458378 0.581257285764469
decision_type=2 2 2 2 2 2 2 2 2 2 2 2 2 2 2 2 2 2 2 2 2 2 2 2 2 2 2 2 2 2
left_child=1 3 4 -1 26 13 7 -7 12 21 11 -4 -5 20 -12 17 -17 -13 28 -11 24 29 -14 -24 -3 -23 -2 -28 -8 -6
right_child=2 5 10 8 9 6 18 -9 -10 19 14 15 22 -15 -16 16 -18 -19 -20 -21 -22 25 23 -25 -26 -27 27 -29 -30 -31
leaf_value=0.0073261576028389418 0.0003980901124229835 -0.0026202233600653583 -0.010684264349347015 0.0085446920942087636 -0.0039994074991962034 0.0014022012481368874 -0.000367329015935146 0.0084721129348919507 0.0064896983968993479 -0.00024907645361544901 0.008215962636913713 0.0015416342783410712 0.0038489534866059947 0.016320177748927783 -0.003253709709376767 -0.0022104145039794462 0.0091043768374124267 -0.011744817897273475 -0.005093313057215945 -0.0037899541457699637 -0.0039616523934195621 -0.001644089326680619 -0.0008779886885476603 0.002858632829263835 0.011037791150090202 0.01219792011733576 -0.0064534384511672413 -0.0010232210974993065 0.0040466699632933376 -0.00061703568353695549
leaf_weight=2275 5380 64 96 295 1071 12420 7803 351 992 963 87 7012 1529 106 957 156 407 73 455 7985 102 88 1710 1294 201 97 318 11627 486 3000
leaf_count=2275 5380 64 96 295 1071 12420 7803 351 992 963 87 7012 1529 106 957 156 407 73 455 7985 102 88 1710 1294 201 97 318 11627 486 3000
internal_value=0.000247394 0.00182206 -0.000957603 0.00419372 -0.00155401 0.00094741 0.000801701 0.00160299 0.00295881 -0.00269257 0.00111369 0.00156662 0.00222141 0.00742135 -0.00222902 0.00173415 0.00598533 0.00138838 -0.000369109 -0.00340958 0.0044864 -0.00118063 0.001792 0.000735739 0.00776392 0.00586696 -0.000685218 -0.00117306 -0.000103964 -0.00151449
internal_weight=69400 30083 39317 8095 30529 21988 21515 12771 5820 13204 8788 7744 4828 473 1044 7648 563 7085 8744 8948 367 4256 4533 3004 265 185 17325 11945 8289 4071
internal_count=69400 30083 39317 8095 30529 21988 21515 12771 5820 13204 8788 7744 4828 473 1044 7648 563 7085 8744 8948 367 4256 4533 3004 265 185 17325 11945 8289 4071
is_linear=0
shrinkage=0.05


Tree=7
num_leaves=31
num_cat=0
split_feature=0 19 7 20 20 15 20 13 11 16 7 11 16 21 9 15 13 4 11 2 0 2 18 12 44 13 13 11 9 5
split_gain=47.448 20.7235 17.043 11.7784 9.13367 6.8591 5.77918 5.47197 5.46947 5.88667 4.57636 4.39112 4.26672 7.84778 4.2174 5.77293 3.96054 5.13721 3.85016 4.96601 7.80703 4.42605 3.77859 3.77574 4.66862 3.7083 3.98964 3.55214 3.53266 3.51455
threshold=-0.17510148169706419 0.24201711146554897 -0.30405353484606445 0.46843838332210247 0.18001122334456124 0.37402822121733803 0.050681713122918054 1.6413681381963834 0.21168910737355326 -0.99402188167569061 0.47633439096874308 0.12854599790230073 1.6106799262896023 -0.60355339059327384 -2.6243543625630097 -0.36834446859974712 2.0928227511921413 -0.36133824146393428 -0.012884850337734536 -3.0210387116268929 -2.8550483776873312 0.24109264701228011 0.28971817792637566 0.49653704959093176 1.0000000180025095e-35 2.1797658432172891 1.8705136901425583 -0.34129966518397925 -2.8157887327873303 0.047502383959928958
decision_type=2 2 2 2 2 2 2 2 2 2 2 2 2 2 2 2 2 2 2 2 2 2 2 2 2 2 2 2 2 2
left_child=2 10 3 6 7 8 -1 11 14 -10 12 -4 -2 -14 22 -16 -7 -18 19 -8 -21 -20 28 24 29 26 -11 -12 -3 -5
right_child=1 5 4 23 -6 16 18 -9 9 25 27 -13 13 -15 15 -17 17 -19 21 20 -22 -23 -24 -25 -26 -27 -28 -29 -30 -31
leaf_value=0.010443431885165354 -0.001779325610122639 -0.0040332087952326253 0.00087190827407930419 0.0048547114201171922 0.00054745838979920205 -0.0026990567550185616 0.010358368131549127 0.0051103815553749758 -0.00057273665440364045 0.0024907640867308459 0.0067953448234397036 0.0035495545808067589 -0.0061430666041338731 0.014200606766523613 0.0058324894138756097 -5.2130342209703965e-05 -0.0079979395529009272 0.0109161215814754 0.0072912582484739412 -0.0078642803426148631 0.0035385233418056428 -0.0063014457145562546 0.0012756245164273882 0.0093692253982691574 -0.0050552202146998161 -0.0025991806832471303 0.0075810764128661466 -0.0051288660299360087 -0.016523156414729772 -0.0074754480515063434
leaf_weight=576 18492 169 3724 294 13399 2351 211 1788 2039 4375 57 2601 74 103 421 12621 43 109 1527 159 1366 55 149 76 439 314 416 1392 83 62
leaf_count=576 18492 169 3724 294 13399 2351 211 1788 2039 4375 57 2601 74 103 421 12621 43 109 1527 159 1366 55 149 76 439 314 416 1392 83 62
internal_value=0.000275456 -0.000743434 0.00195049 0.00465332 0.00134992 0.000278705 0.00582635 0.00267291 0.000579475 0.00169638 -0.00191613 0.00197689 -0.00170418 0.00582166 -1.48985e-05 0.00014215 -0.00218756 0.00540202 0.00499586 0.00333857 0.00230615 0.00678208 -0.00500188 -0.000597549 -0.0016549 0.00260203 0.00294762 -0.00461644 -0.0086206 0.00256175
internal_weight=69485 43208 26277 4765 21512 23090 3894 8113 20587 7144 20118 6325 18669 177 13443 13042 2503 152 3318 1736 1525 1582 401 871 795 5105 4791 1449 252 356
internal_count=69485 43208 26277 4765 21512 23090 3894 8113 20587 7144 20118 6325 18669 177 13443 13042 2503 152 3318 1736 1525 1582 401 871 795 5105 4791 1449 252 356
is_linear=0
shrinkage=0.05


Tree=8
num_leaves=31
num_cat=0
split_feature=1 20 0 19 1 15 7 4 0 20 16 18 2 15 6 18 6 6 7 6 0 1 17 5 7 13 2 16 6 20
split_gain=47.9757 20.1971 13.0614 10.5808 8.7791 7.25463 6.41853 6.96197 5.33193 5.93943 5.32725 5.31549 5.01002 6.27233 5.22002 5.03887 5.18751 4.84966 4.53742 4.38051 4.28268 6.76475 4.36289 4.27053 4.16489 4.24372 3.92744 3.85514 4.46222 5.06054
threshold=-0.040679786893630672 0.22154541765694966 -0.2287377464610463 0.46818303219552293 -0.7588028800055221 -0.36325563054300108 0.53673729814370919 1.1790658080411782 -1.3544953574363972 0.057135688303883096 0.8718899316888008 0.16041891931242666 0.34315556158587629 -0.3271541295675468 0.036039525981373548 -0.48818897637795428 -0.061024863691632937 0.064570352469295655 0.25232085530200493 0.063060161899360964 1.6727507924385632 0.43003819447459024 1.6509593212415117 -0.4785898111687063 -0.19378495946649893 2.0364850029289188 1.5705284945649394 -0.83533907849834665 0.13273638036992383 0.41226530700211339
decision_type=2 2 2 2 2 2 2 2 2 2 2 2 2 2 2 2 2 2 2 2 2 2 2 2 2 2 2 2 2 2
left_child=1 4 8 6 12 19 7 20 9 -2 18 27 13 14 15 16 -1 -11 24 -3 21 -4 -22 -6 25 -5 -8 -7 -29 -30
right_child=2 5 3 10 23 11 26 -9 -10 17 -12 -13 -14 -15 -16 -17 -18 -19 -20 -21 22 -23 -24 -25 -26 -27 -28 28 29 -31
leaf_value=0.0054587382181826988 0.016933956636371567 0.0027235319280303366 -0.0014043488369271443 -0.0010528022848889757 0.012098918935622682 -0.0005388633064914223 -0.008460288082947574 0.00018000657656189504 0.00059784940734733578 -0.0035579487443400575 0.005379728324057453 -0.001176974194797952 0.0097199618435652429 0.0018170233008545146 0.012643370478511301 0.00991770034973425 -0.00093834321125326229 0.0085343181241124798 -0.0025510241453466174 0.010713287830731133 0.0017085637640075228 -0.0034271322161995295 -0.0061143058062526597 0.0021596349255785978 0.001437173283611468 -0.011595815585626822 -0.0031621761962688914 0.00090088399952014796 0.0070772102815659767 0.0011619843652956989
leaf_weight=1240 92 1788 9261 664 100 3600 524 4155 7121 148 487 4413 505 1456 258 430 421 167 1344 182 1203 7491 199 8530 3741 102 1080 7425 671 781
leaf_count=1240 92 1788 9261 664 100 3600 524 4155 7121 148 487 4413 505 1456 258 430 421 167 1344 182 1203 7491 199 8530 3741 102 1080 7425 671 781
internal_value=0.000262236 0.00169301 -0.000942226 -0.00140593 0.00321351 0.000648627 -0.00188717 -0.00166595 0.000920529 0.0064165 0.000409917 0.000312765 0.00505573 0.00441283 0.00600729 0.00513222 0.00384141 0.00291821 -1.22112e-05 0.00351205 -0.00208831 -0.00231038 0.000562746 0.00228868 0.000748841 -0.00258804 -0.00493468 0.000840193 0.00139944 0.00392525
internal_weight=69579 31800 37779 30251 12940 18860 23913 22309 7528 407 6338 16890 4310 3805 2349 2091 1661 315 5851 1970 18154 16752 1402 8630 4507 766 1604 12477 8877 1452
internal_count=69579 31800 37779 30251 12940 18860 23913 22309 7528 407 6338 16890 4310 3805 2349 2091 1661 315 5851 1970 18154 16752 1402 8630 4507 766 1604 12477 8877 1452
is_linear=0
shrinkage=0.05


Tree=9
num_leaves=31
num_cat=0
split_feature=15 18 19 50 49 15 16 46 17 20 10 15 10 7 19 13 11 19 13 11 41 17 17 20 58 13 15 8 7 18
split_gain=37.6741 21.6496 18.1614 8.12809 6.75573 6.23576 8.09172 7.13849 6.18926 6.16236 6.04079 5.2369 4.93077 7.35467 4.79685 4.5584 4.48538 5.15147 4.10095 5.59075 4.99248 4.74974 3.94492 3.91154 5.9165 3.89996 3.85546 3.83724 5.00325 4.41282
threshold=-0.36834446859974712 -0.51353367044410148 0.23504174551502147 -1.0000000180025095e-35 1.0000000180025095e-35 0.35731397106582352 -0.7112499417619681 -1.0000000180025095e-35 0.89797440524604422 0.17136023496601263 -0.40437632721935329 0.14196117798931276 -0.47181210197440654 -0.45616319443505476 0.44954128440366742 1.3697455500438536 -0.47022115173001022 0.07164372242863408 1.6413681381963834 -0.10219458571899194 1.0000000180025095e-35 0.93688985143524584 0.57117079167037332 0.038860909972654172 1.0000000180025095e-35 2.1333160970204097 -0.25729109763813696 -0.45603434891446082 -0.11434019890107654 -0.32566509723258902
decision_type=2 2 2 2 2 2 2 2 2 2 2 2 2 2 2 2 2 2 2 2 2 2 2 2 2 2 2 2 2 2
left_child=3 8 11 15 5 6 -4 22 9 -2 -6 -3 13 -5 18 -1 -15 -18 19 20 21 -14 -8 -10 -25 26 -26 29 -29 -24
right_child=1 2 4 12 10 -7 7 -9 23 -11 -12 -13 14 16 -16 -17 17 -19 -20 -21 -22 -23 27 24 25 -27 -28 28 -30 -31
leaf_value=0.0036556713094439692 0.002581078277344133 -0.00090755596524080275 -0.00038680489131561922 0.01568467269174573 0.0099197850865592446 -0.0015541478497922371 0.00036179873754689658 0.00057178219851793989 0.0071844119497413072 -0.00053453140208362983 -0.0040482681471922695 -0.0023766723123951772 0.0025708470876824475 -0.0045703604426708521 0.0068507347776670616 0.014874717221348822 -0.0020777006656632273 0.012523733186731901 0.004985348328999893 0.003401067148271954 -0.0078954886756113438 -0.0056285501516374235 -0.0018139940138660968 0.0014403755938013981 -0.0048199699636405479 0.011822096227824113 0.0056837853081183644 -0.00030662691622916589 0.0039626707351568544 0.0084688734039123324
leaf_weight=148 3046 12916 10388 195 73 3557 1245 9083 603 3296 1266 11462 623 108 689 262 91 156 973 1246 228 235 121 2314 94 223 605 923 2650 627
leaf_count=148 3046 12916 10388 195 73 3557 1245 9083 603 3296 1266 11462 623 108 689 262 91 156 973 1246 228 235 121 2314 94 223 605 923 2650 627
internal_value=0.000133618 -0.000189425 -0.000586131 0.00433096 0.000239022 0.000402017 0.000680438 0.001437 0.00192532 0.000963573 -0.00321886 -0.00159899 0.00370562 0.00811633 0.00307948 0.0110084 0.00364326 0.00727273 0.00227498 0.00112765 -0.00148793 0.000286119 0.00284536 0.00350748 0.00280229 0.00616824 0.0042232 0.00355845 0.00286202 0.00680348
internal_weight=69446 64492 54311 4954 29933 28594 25037 14649 10181 6342 1339 24378 4544 550 3994 410 355 247 3305 2332 1086 858 5566 3839 3236 922 699 4321 3573 748
internal_count=69446 64492 54311 4954 29933 28594 25037 14649 10181 6342 1339 24378 4544 550 3994 410 355 247 3305 2332 1086 858 5566 3839 3236 922 699 4321 3573 748
is_linear=0
shrinkage=0.05


Tree=10
num_leaves=31
num_cat=0
split_feature=1 15 20 15 18 13 18 20 4 7 1 19 11 5 50 15 9 27 13 4 18 13 16 3 7 18 20 16 11 8
split_gain=49.6328 21.9439 11.9297 8.57343 6.1809 6.14054 5.87233 8.4531 5.51288 5.36341 4.70661 4.6016 4.35875 4.29202 4.69197 3.95978 3.75982 4.42913 5.12533 4.47714 3.68625 3.66666 3.63192 5.76172 3.5628 3.50062 4.61013 3.49836 3.49378 3.49241
threshold=-0.14998151166703239 -0.39442700937956765 0.35496291295585131 0.37402822121733803 0.12500000000000702 1.647499128641092 0.53035550547670118 0.38026374372693267 0.95150953490580015 -0.16788631199796347 0.35513868634871487 0.14031537325922699 0.49566199799363936 -0.49776036957816511 -1.0000000180025095e-35 0.31936452549783889 2.5179457092355788 -1.0000000180025095e-35 1.0154448173939816 1.6677877253069746 -0.35185045422782252 1.4072750560650975 0.7614117355006752 -1.983418913139398 -0.87824682890619743 0.28971817792637566 0.13216027299986879 0.72119241883139218 0.22832969787534382 -0.90220694558567205
decision_type=2 2 2 2 2 2 2 2 2 2 2 2 2 2 2 2 2 2 2 2 2 2 2 2 2 2 2 2 2 2
left_child=1 13 5 6 24 25 7 22 -5 -7 -8 29 28 -1 21 -11 17 19 -19 -9 -18 -15 23 -2 -4 26 -3 -16 -10 -12
right_child=3 2 4 8 -6 9 10 16 12 15 11 -13 -14 14 27 -17 20 18 -20 -21 -22 -23 -24 -25 -26 -27 -28 -29 -30 -31
leaf_value=0.0096766589236492381 -0.006878915894177386 0.0038254746088713779 0.0079248540859790696 -0.003248997449369768 -0.0021058426631623429 0.0018624499055190824 -0.00038838540758075191 -0.00064463269791425408 0.0069353491083557657 0.0061863201649597875 -0.012577273228914658 -0.0013653015805182747 0.0064365812923289209 0.0032081937382047601 0.0050691870262499078 -0.0041277615873587994 0.01555546073941514 0.00020736411063988709 -0.0030910239192208869 0.005412776526502008 0.0014529877869087515 0.01556135684598324 0.0032115195346446614 0.00046507229588230544 0.00057648774645302741 -8.0470083664958351e-05 0.0012441861573327625 0.00057868960822296306 -0.0015131556726363849 -0.0040968494689185096
leaf_weight=544 262 2665 159 5383 2560 1624 3436 4182 120 1976 124 2258 204 102 2092 91 49 1572 4672 319 228 162 1172 14793 7057 2280 4941 550 2119 1744
leaf_count=544 262 2665 159 5383 2560 1624 3436 4182 120 1976 124 2258 204 102 2092 91 49 1572 4672 319 228 162 1172 14793 7057 2280 4941 550 2119 1744
internal_value=0.000197778 0.00188337 0.00133213 -0.000862032 1.35254e-07 0.00229051 -0.000525508 -0.000183155 -0.00235635 0.00402928 -0.00175728 -0.00289355 -0.000384217 0.00560007 0.00480637 0.00571455 -0.00125109 -0.0014008 -0.00226161 -0.000204278 0.00440273 0.0110798 0.000542552 0.000332785 0.000749147 0.00163792 0.00215246 0.00414008 -0.00103153 -0.00472376
internal_weight=69440 26803 23353 42637 9776 13577 34811 27249 7826 3691 7562 4126 2443 3450 2906 2067 11022 10745 6244 4501 277 264 16227 15055 7216 9886 7606 2642 2239 1868
internal_count=69440 26803 23353 42637 9776 13577 34811 27249 7826 3691 7562 4126 2443 3450 2906 2067 11022 10745 6244 4501 277 264 16227 15055 7216 9886 7606 2642 2239 1868
is_linear=0
shrinkage=0.05


Tree=11
num_leaves=31
num_cat=0
split_feature=0 7 19 7 22 0 6 19 7 4 5 12 18 38 0 13 19 22 0 51 5 13 7 2 9 9 19 22 17 6
split_gain=45.4297 18.0658 17.7914 7.66683 6.10615 5.77924 8.71356 6.49895 7.03411 5.10763 5.32305 4.89269 4.73102 4.79128 4.52875 7.29845 4.79702 4.47897 4.32944 4.00142 3.97518 4.71994 5.67849 3.97504 4.3011 3.79532 3.74841 3.62814 4.00972 4.21092
threshold=-0.17510148169706419 -0.46839468621998431 0.43158835066227869 0.53673729814370919 0.1294095225512602 -1.3544953574363972 0.064570352469295655 0.30827477189706293 -0.080069778223341589 0.96796122924061512 0.15712385536036219 0.27596029697851004 -0.64517370015229136 1.0000000180025095e-35 1.6727507924385632 1.1666613359632845 0.15384615384615527 -0.91597561503675329 -0.75190274850733096 1.0000000180025095e-35 -0.4785898111687063 1.6413681381963834 -0.37513887324777112 -0.26248496736420429 2.1740588469425783 -2.0810012365493225 0.49179102648926037 0.91597561503675362 0.71970395085080929 -0.27022473216090925
decision_type=2 2 2 2 2 2 2 2 2 2 2 2 2 2 2 2 2 2 2 2 2 2 2 2 2 2 2 2 2 2
left_child=1 4 3 9 -1 6 20 12 18 10 -2 -6 -7 -14 15 -12 -17 -5 26 25 -3 -22 -23 -11 -25 -10 -9 28 -4 -30
right_child=2 5 27 17 11 7 -8 8 19 23 14 -13 13 -15 -16 16 -18 -19 -20 -21 21 22 -24 24 -26 -27 -28 -29 29 -31
leaf_value=0.0037033522700640796 -0.0011235226500090009 0.0082616399374040497 0.00024759722174284496 -0.012018860819473128 0.0033302882258015292 0.0017758842770569138 0.0081198530099519887 0.013302026670633092 -0.010395715168366831 0.002406688302036524 -0.0014821901499115766 0.011063883108163551 -5.3138211632480012e-05 -0.012419151052643983 0.00088416386899212759 -0.0076461324924067403 -0.0034055945612664869 -0.0037481061656095757 0.0038330996566472877 -0.006383520311851635 -0.00079141041222511059 -0.0072391998365451144 0.0050437625669735066 -0.0012711514418403194 0.002444803186662885 0.0017055593505463944 -0.0019728325357261513 -0.001503505291188618 -0.0052881170868770118 0.0025239449995525629
leaf_weight=1321 16973 216 5303 177 298 4775 737 215 56 1335 2816 731 9259 69 728 1107 1736 1539 1981 157 1226 96 910 4492 932 4070 46 1408 170 4659
leaf_count=1321 16973 216 5303 177 298 4775 737 215 56 1335 2816 731 9259 69 728 1107 1736 1539 1981 157 1226 96 910 4492 932 4070 46 1408 170 4659
internal_value=0.000178313 0.00182345 -0.000814197 -0.00142377 0.00599713 0.00140923 0.00338885 0.00110208 0.00240562 -0.00123756 -0.00158767 0.00887783 0.000497694 -0.000157812 -0.00281742 -0.00329433 -0.00507778 -0.0046659 0.00466882 0.00121279 0.00193729 0.00129113 0.00381192 -2.69942e-05 -0.000629319 0.00151658 0.0106364 0.000867182 0.00119778 0.00223857
internal_weight=69538 26163 43375 31835 2350 23813 3185 20628 6525 30119 23360 1029 14103 9328 6387 5659 2843 1716 2242 4283 2448 2232 1006 6759 5424 4126 261 11540 10132 4829
internal_count=69538 26163 43375 31835 2350 23813 3185 20628 6525 30119 23360 1029 14103 9328 6387 5659 2843 1716 2242 4283 2448 2232 1006 6759 5424 4126 261 11540 10132 4829
is_linear=0
shrinkage=0.05


Tree=12
num_leaves=31
num_cat=0
split_feature=1 20 13 0 19 20 5 18 20 22 8 1 0 7 13 4 10 9 16 10 3 3 8 7 6 6 2 21 3 16
split_gain=39.6004 16.2697 14.7499 10.322 5.88713 5.8335 5.12375 4.55385 4.40197 4.31151 4.2379 4.40392 4.41979 4.14507 4.13661 4.50111 4.41113 5.1795 4.63585 6.68065 4.19717 4.0277 3.89537 3.87325 3.62144 3.57398 3.47583 3.23089 4.05924 3.74176
threshold=-0.064088664301134038 0.30809801203534631 1.647499128641092 -0.25051346624579479 0.46818303219552293 0.10095514199617862 -0.40000715094019662 0.26391103217545125 0.36634352239778406 0.91597561503675362 -1.3374596618384891 0.75871784116809626 -0.84653032789172711 -0.6703189383971293 1.1624540969334765 1.1014318512667343 -0.3060147383953607 -2.1754409262989336 0.64711568983864853 0.3431164564650569 0.70673473453499669 0.78762202981462826 -0.77642757967498788 -0.33685851680654261 -0.17651002323680401 0.24220864941778716 -1.4620997457485283 -1.0000000180025095e-35 1.0791274128311643 0.8942670659352645
decision_type=2 2 2 2 2 2 2 2 2 2 2 2 2 2 2 2 2 2 2 2 2 2 2 2 2 2 2 2 2 2
left_child=1 2 6 8 14 -4 -1 25 10 26 -2 -12 -13 -9 -5 16 -16 24 19 20 23 -17 -22 -19 -18 -3 -6 29 -29 -20
right_child=3 7 5 4 9 -7 -8 13 -10 -11 11 12 -14 -15 15 21 17 18 27 -21 22 -23 -24 -25 -26 -27 -28 28 -30 -31
leaf_value=0.0056854911944659164 0.0069004151452497905 0.00052520278328659715 0.0074602822908616251 -0.00073277703808437126 -0.0075205783215315306 0.0036900576791402012 0.001463276940478828 -0.010099298553045919 -0.0011105317348082569 -0.0032247635493013204 0.00048679333388825451 0.0089186473435590753 0.0018307040562133713 -0.001218676436928675 0.0008457105196688976 -0.0023536411508189503 -0.01460473937974251 -0.00764874706522067 0.0055083727689874407 -0.0057045581626542115 0.010614117352407049 0.00092276224498288233 -0.00034706771604317652 -0.0025456113221100883 -3.0997539431774533e-05 0.0051711474901314312 0.00078218646743442074 -0.0059197433243944279 0.0034195067270687135 -0.00069106634617962723
leaf_weight=758 341 11241 1633 9130 119 2854 11563 131 2094 837 4110 321 677 2012 879 1709 144 391 354 1947 79 2056 902 5776 59 420 5608 399 155 729
leaf_count=758 341 11241 1633 9130 119 2854 11563 131 2094 837 4110 321 677 2012 879 1709 144 391 354 1947 79 2056 902 5776 59 420 5608 399 155 729
internal_value=0.000235229 0.00157962 0.00262377 -0.000825148 -0.00122552 0.00507573 0.00172743 0.00030726 0.000834217 0.000105384 0.00158223 0.00121441 0.00417636 -0.00180593 -0.00157898 -0.00207411 -0.0025536 -0.00282738 -0.00267123 -0.00311167 -0.00239842 -0.00056675 0.000633835 -0.00288102 -0.0105693 0.000696825 0.000596857 -0.000220162 -0.00329248 0.0013672
internal_weight=69428 30612 16808 38816 31273 4487 12321 13804 7543 6564 5449 5108 998 2143 24709 15579 11814 10935 10732 9095 7148 3765 981 6167 203 11661 5727 1637 554 1083
internal_count=69428 30612 16808 38816 31273 4487 12321 13804 7543 6564 5449 5108 998 2143 24709 15579 11814 10935 10732 9095 7148 3765 981 6167 203 11661 5727 1637 554 1083
is_linear=0
shrinkage=0.05


Tree=13
num_leaves=31
num_cat=0
split_feature=0 1 1 15 20 8 7 16 20 1 1 15 7 14 16 12 13 22 2 7 21 14 12 20 14 16 22 13 20 6
split_gain=33.6181 12.7594 11.0072 6.58212 6.33532 5.70577 6.62457 7.96411 5.65848 5.4308 5.36729 5.21422 5.12363 4.97434 6.40218 4.98345 4.891 4.8564 5.27041 4.60496 4.44461 4.31542 4.8428 5.45582 5.23034 6.13386 4.80253 4.29929 4.27205 4.25419
threshold=-0.18158064903160567 0.32508135201009497 -1.0985628150990316 0.1346365720954408 0.16458121596548714 -1.3374596618384891 -0.51215678351145832 0.82307585142292439 0.28208887312288733 0.68418547479379244 -0.26458697213328281 -0.35370524647851598 -0.021895473069876031 0.46442390442913517 1.5341992699629172 0.21539937753685459 1.2258586504459525 -0.5 -0.56611583465618409 -0.15087573117905576 -0.78656609248549303 0.36994394095005489 0.20028935661456992 0.51858023828704802 0.1180891123233531 0.64711568983864853 0.91597561503675362 1.004811851043504 0.30809801203534631 0.24220864941778716
decision_type=2 2 2 2 2 2 2 2 2 2 2 2 2 2 2 2 2 2 2 2 2 2 2 2 2 2 2 2 2 2
left_child=2 3 5 8 19 6 -1 28 16 10 -6 -7 27 14 21 -16 -2 -9 -19 -4 -21 22 23 24 -14 -26 -24 -3 -8 -10
right_child=1 12 4 -5 9 11 7 17 29 -11 -12 -13 13 -15 15 -17 -18 18 -20 20 -22 -23 26 -25 25 -27 -28 -29 -30 -31
leaf_value=0.0060581236798188899 0.00037362951080997054 0.00097703797544726706 0.004666802573610053 -0.00096065484131533881 0.0013704361861352531 0.014823533409633983 0.0054308467160791678 -0.0061875185162346162 -0.00020143612053366854 0.0035007084911304852 -0.00067715586730770095 0.005467607462990352 -0.00044579049436789487 -0.0060418513651529799 -0.0046362526709740259 0.0089660252475125945 0.0029978604038837218 -0.00080061133654512706 0.015462601350941041 0.00473131075814817 0.0010412287054335995 0.0029845083459016462 -0.001507369706289725 -0.0046189061450493734 0.0020410780527080927 0.011863905150382168 -0.0053074645228667842 -0.0034241094697882273 -0.0009466410211867607 0.008202698149222247
leaf_weight=1087 3302 625 1749 8898 6059 173 963 424 9518 1459 6762 980 1977 470 82 267 3839 389 47 991 4470 618 6630 482 838 188 944 4677 356 143
leaf_count=1087 3302 625 1749 8898 6059 173 963 424 9518 1459 6762 980 1977 470 82 267 3839 389 47 991 4470 618 6630 482 838 188 944 4677 356 143
internal_value=0.000274803 -0.000574454 0.00170027 0.000138251 0.0012318 0.00397058 0.00288768 0.00128565 0.000720435 0.000620995 0.000290817 0.00698679 -0.00160309 -0.00104905 -0.000849064 0.00572995 0.00178663 -0.00244076 0.00125992 0.00243901 0.00171829 -0.00105043 -0.0012784 0.000263691 0.00106011 0.00393812 -0.00198738 -0.00290444 0.00371538 -6.86869e-05
internal_weight=69407 43498 25909 25700 21490 4419 3266 2179 16802 14280 12821 1153 17798 12496 12026 349 7141 860 436 7210 5461 11677 11059 3485 3003 1026 7574 5302 1319 9661
internal_count=69407 43498 25909 25700 21490 4419 3266 2179 16802 14280 12821 1153 17798 12496 12026 349 7141 860 436 7210 5461 11677 11059 3485 3003 1026 7574 5302 1319 9661
is_linear=0
shrinkage=0.05


Tree=14
num_leaves=31
num_cat=0
split_feature=1 20 13 0 19 13 6 0 18 56 15 10 7 0 0 17 7 10 11 20 20 0 11 19 0 19 4 5 17 18
split_gain=42.581 14.7188 8.42917 8.07874 7.03901 6.30336 5.54858 5.45223 5.13376 4.84623 4.47045 4.85958 4.40127 4.68316 4.31486 5.88702 5.4119 4.22974 4.53352 4.15095 3.87208 6.14287 3.77804 3.7195 3.69352 3.69286 3.7989 3.61165 3.5814 3.38709
threshold=-0.040679786893630672 0.18877744426049423 1.6285267412531239 -0.82562112556723044 0.23959256670757578 1.1784995481523159 0.44751875607060293 0.59923356929342642 0.28971817792637566 1.0000000180025095e-35 0.18921804604216322 0.30268674505810284 -0.28083777164638007 -0.20831548518705387 1.5960579652983455 1.6509593212415117 -0.039110864235404712 0.46213721575511107 0.20782118949144504 0.038860909972654172 0.032185338841602316 -2.5399987795645518 0.40796579938641298 0.15584549269014761 0.31840675793011264 0.2765014854657814 1.9797151568416758 -0.26299203539071375 1.4297722246758584 -0.65291048923468553
decision_type=2 2 2 2 2 2 2 2 2 2 2 2 2 2 2 2 2 2 2 2 2 2 2 2 2 2 2 2 2 2
left_child=1 2 12 25 5 -5 10 19 9 29 11 27 13 20 -12 16 22 18 -6 -4 -1 -22 -16 -11 -20 26 -2 -7 -29 -3
right_child=3 8 7 4 17 6 -8 -9 -10 23 14 -13 -14 -15 15 -17 -18 -19 24 -21 21 -23 -24 -25 -26 -27 -28 28 -30 -31
leaf_value=0.012767824691616829 0.00066150819268893262 0.0032292730917096082 0.0099088656045438536 -0.00046764011379554706 -0.00083246633456572215 -0.0043466772283717965 -0.013569577963737487 0.0012506735808922604 -0.00095980307795093386 0.0012832368284361236 -0.0040012896475957885 -0.0062395525933163602 0.0017366695882175783 0.00092734149310026855 -0.017106717569834513 -0.008340207888259973 0.0017159985281578615 -0.0067956821854426135 -6.195131507631163e-05 0.0051454703236746167 -0.0081032470340070169 0.0066916952732701948 0.00031759290476188521 0.005526957084924183 0.0023212897460146114 0.0076131007577569347 0.011246970170379981 -0.0007980321116077022 0.0034329780108808324 0.00065703770955375653
leaf_weight=215 1099 1402 633 6578 11257 588 101 653 3240 1013 4472 428 6749 493 59 209 1069 237 4603 1814 71 584 56 1060 2503 303 82 3405 576 13800
leaf_count=215 1099 1402 633 6578 11257 588 101 653 3240 1013 4472 428 6749 493 59 209 1069 237 4603 1814 71 584 56 1060 2503 303 82 3405 576 13800
internal_value=0.00031231 0.00166123 0.00311725 -0.000825296 -0.000974005 -0.00169227 -0.00242597 0.0053331 0.000864344 0.00120683 -0.00230996 -0.00120747 0.00226494 0.00484903 -0.00324564 -0.000808514 0.000579699 -0.000296094 -0.000208555 0.006413 0.00703553 0.00499023 -0.00927522 0.00346932 0.000779598 0.0027786 0.00148475 -0.000723491 -0.000178791 0.000896228
internal_weight=69352 31727 11212 37625 36141 17541 10963 3100 20515 17275 10862 4997 8112 1363 5865 1393 1184 18600 18363 2447 870 655 115 2073 7106 1484 1181 4569 3981 15202
internal_count=69352 31727 11212 37625 36141 17541 10963 3100 20515 17275 10862 4997 8112 1363 5865 1393 1184 18600 18363 2447 870 655 115 2073 7106 1484 1181 4569 3981 15202
is_linear=0
shrinkage=0.05


Tree=15
num_leaves=31
num_cat=0
split_feature=1 15 20 0 1 18 6 19 17 50 6 16 15 20 2 16 9 16 8 18 2 10 22 3 3 34 9 15 18 9
split_gain=34.8824 13.1292 8.57445 8.00683 6.78575 6.272 6.17769 6.35778 5.24046 5.72583 4.80449 4.37409 4.83402 4.53301 4.32645 4.27251 4.23374 4.19836 4.1451 4.11113 4.58304 4.10004 4.08309 4.00592 3.78241 3.72154 3.60863 3.97114 5.84818 3.38469
threshold=-0.15668450023637745 -0.36325563054300108 0.22154541765694966 0.2338246150655173 0.32508135201009497 0.16041891931242666 -0.061024863691632937 0.084535351538969475 0.5885034495901188 -1.0000000180025095e-35 0.3100444321064052 0.7614117355006752 0.15209132350962498 0.15586559418603732 0.56101073669625257 0.58073465806406233 3.8370325280065627 0.31183723351309472 2.8888854941691453 -0.046133334088274587 0.64552122639938958 -0.39885021473639554 -0.9829629131445341 -1.253104647271855 -1.4792690533248145 1.0000000180025095e-35 -0.74228601533684657 0.30702445992595423 0.44087397179788945 -0.79386939289262759
decision_type=2 2 2 2 2 2 2 2 2 2 2 2 2 2 2 2 2 2 2 2 2 2 2 2 2 2 2 2 2 2
left_child=1 8 19 11 10 -4 7 -6 -1 -10 14 12 13 23 -5 -8 26 -15 -18 20 -3 -7 -13 -2 -19 29 -17 -28 -29 -9
right_child=3 2 5 4 6 21 15 25 9 -11 -12 22 -14 17 -16 16 18 24 -20 -21 -22 -23 -24 -25 -26 -27 27 28 -30 -31
leaf_value=0.00079537941914867543 -0.0044887629424502553 0.0025766145118125382 0.00089960426189228187 0.00025323331766375642 -0.0087173778638119474 0.010620137986466837 -0.0021633591935543905 -0.0024727387831878275 0.011288983819824166 0.0041688221222659751 0.008573673680741219 -0.0082501204914183588 -0.0010723480100295493 0.00016510216751606784 -0.0028988342226144506 -0.011960696576332504 0.0010648299251672822 -0.013694008719046705 -0.014030242544133218 0.00085282037199625727 0.0068304308053407014 -0.0017938464746409491 0.0037240988433461263 0.002725408186713451 -0.0024467464742448297 0.006815642892922226 0.0047221432863124068 -0.0055594354416601934 0.0013229622871408907 -0.0085581529389798811
leaf_weight=1072 199 4239 10433 5355 618 58 8084 1581 302 3542 143 67 9833 8476 1356 45 81 80 90 2904 742 3397 1051 2572 485 85 541 380 1470 261
leaf_count=1072 199 4239 10433 5355 618 58 8084 1581 302 3542 143 67 9833 8476 1356 45 81 80 90 2904 742 3397 1051 2572 485 85 541 380 1470 261
internal_value=0.000145647 0.0015643 0.00103635 -0.000738052 -0.00146529 0.000288178 -0.00212614 -0.00433676 0.00389574 0.00475605 -0.000187855 -9.58505e-05 -0.000253928 0.000427703 -0.000387027 -0.00159634 0.000163448 -0.000115185 -0.00721616 0.00235208 0.0032227 -0.0015554 0.00293972 0.00219304 -0.00424974 -0.00289412 0.000708858 0.000996129 -0.000113008 -0.00337656
internal_weight=69542 26689 21773 42853 20090 13888 13236 2545 4916 3844 6854 22763 21645 11812 6711 10691 2607 9041 171 7885 4981 3455 1118 2771 565 1927 2436 2391 1850 1842
internal_count=69542 26689 21773 42853 20090 13888 13236 2545 4916 3844 6854 22763 21645 11812 6711 10691 2607 9041 171 7885 4981 3455 1118 2771 565 1927 2436 2391 1850 1842
is_linear=0
shrinkage=0.05


Tree=16
num_leaves=31
num_cat=0
split_feature=0 13 19 15 1 20 15 20 17 1 7 7 8 13 1 17 21 6 5 15 6 11 21 19 12 15 5 16 16 12
split_gain=30.1524 12.6651 11.9782 7.446 6.46303 6.38769 5.54396 5.37132 4.6172 4.48025 4.26669 4.02679 4.01083 5.90183 5.19409 5.7478 3.87772 3.84195 5.7764 5.9096 4.05216 6.20501 5.73472 3.81618 4.00103 3.7787 4.43569 6.03264 3.69386 3.88424
threshold=-0.17510148169706419 1.647499128641092 0.29835740583404807 -0.36834446859974712 0.35513868634871487 0.22154541765694966 0.39065877569474167 0.070615958642723339 1.0378757659578046 -1.507427579910374 0.71034205088909408 -0.021895473069876031 -2.2477933139513389 1.8284902678370012 -1.3892703025474094 1.1161164832218826 0.12940952255126045 -0.0029070404800869191 -0.4785898111687063 -0.44911867080049001 -0.055148921276718561 -0.40382988348252186 0.12940952255126045 0.042787119798236441 0.27084649832614832 -0.34918355060468242 -0.31642230172643598 -0.020414267585862341 0.29881499525736582 0.18805986221739138
decision_type=2 2 2 2 2 2 2 2 2 2 2 2 2 2 2 2 2 2 2 2 2 2 2 2 2 2 2 2 2 2
left_child=1 5 4 8 -2 -1 25 9 -3 -5 11 -6 13 -9 15 -14 -12 18 19 -10 21 22 -20 -15 -25 -4 27 -27 29 -13
right_child=2 3 6 7 10 -7 -8 12 17 -11 16 28 14 23 -16 -17 -18 -19 20 -21 -22 -23 -24 24 -26 26 -28 -29 -30 -31
leaf_value=0.0017881099925729114 -0.00069022877425651977 0.011986344045175722 0.0037495082386913223 0.017807212344641925 -0.0035999445426061526 -5.3447396848286822e-05 -0.0028874006227558695 -0.012873914255337283 0.016928346189396346 0.0050262773468271425 -0.0037830528596967811 0.00013675757300919897 -0.0024411988099422564 -0.0076340626756918719 0.0016600769410883784 0.0090988900916407281 -0.013639544991048559 0.013767823045821609 0.0028485883074204649 0.0035558782615328684 -0.011071635892531321 0.0073704724768212633 -0.012591732948619342 -0.0057125385352892093 0.010553319070298793 0.00090177196889675959 0.00051397375596266652 -0.0074576907544507687 0.00025583513390633886 -0.0031223156896273557
leaf_weight=8785 13618 307 838 69 3138 10134 1292 100 126 695 331 1255 134 73 4287 476 141 101 134 229 57 249 95 48 108 440 16349 410 2193 3349
leaf_count=8785 13618 307 838 69 3138 10134 1292 100 126 695 331 1255 134 73 4287 476 141 101 134 229 57 249 95 48 108 440 16349 410 2193 3349
internal_value=0.00014661 0.00148521 -0.000662717 0.00325481 -0.00140794 0.000802169 0.000263812 0.00250306 0.00667831 0.00639573 -0.00234554 -0.00212005 0.00192286 -0.00335042 0.00228324 0.00656537 -0.00694936 0.00493063 0.00378592 0.00863592 0.000468289 0.00204307 -0.00381563 0.00117296 0.00550581 0.000491009 0.000330157 -0.00317027 -0.00143253 -0.00223556
internal_weight=69561 26207 43354 7288 24025 18919 19329 5990 1298 764 10407 9935 5226 329 4897 610 472 991 890 355 535 478 229 229 156 18037 17199 850 6797 4604
internal_count=69561 26207 43354 7288 24025 18919 19329 5990 1298 764 10407 9935 5226 329 4897 610 472 991 890 355 535 478 229 229 156 18037 17199 850 6797 4604
is_linear=0
shrinkage=0.05


Tree=17
num_leaves=31
num_cat=0
split_feature=1 20 7 0 7 14 0 0 20 12 13 22 17 27 4 11 13 1 0 2 15 4 22 4 13 1 16 7 5 21
split_gain=30.129 9.68215 8.42433 8.25737 6.28004 5.40226 6.87377 5.32909 5.18887 4.57671 4.38398 4.33296 4.19508 4.08618 4.02445 5.64232 3.82708 3.70685 5.60133 4.84983 3.91796 4.23553 3.83029 3.67771 4.60785 4.43702 4.23236 4.87346 4.26188 5.29101
threshold=-0.064088664301134038 0.19097175546149012 -0.46839468621998431 -0.087965414415939622 0.35384488406965015 0.17764369078866268 -0.79107130246604462 0.38732091991839229 0.043593193852736987 0.28507680149027076 1.8485476101718137 1.0000000180025095e-35 0.62230612846778355 1.0000000180025095e-35 1.3688129020439639 0.39809452465365025 1.799580822646075 0.8099787441125107 -0.53806606242037625 0.12617121971743112 0.36392548414019771 0.9994713596453727 0.78656609248549303 1.1790658080411782 1.3821083744976188 0.05777672640409065 1.6106799262896023 0.53673729814370919 0.17769981045881603 -0.91597561503675329
decision_type=2 2 2 2 2 2 2 2 2 2 2 2 2 2 2 2 2 2 2 2 2 2 2 2 2 2 2 2 2 2
left_child=1 2 5 17 -4 8 -7 9 10 -3 -1 16 -11 14 -14 -16 -10 19 20 -2 21 -19 -21 24 -5 -26 28 -28 29 -27
right_child=3 7 4 23 -6 6 -8 -9 11 12 -12 -13 13 -15 15 -17 -18 18 -20 22 -22 -23 -24 -25 25 26 27 -29 -30 -31
leaf_value=0.0017043951810236373 0.0011052123681439313 0.00036262526593352568 0.0017039244732699405 -0.00089370429393046801 0.0065639497892698269 0.014213126578830684 0.0038732711208542027 -0.001488598426309769 0.00021250460775116008 -0.00021415981518612057 0.018141214923166178 0.0052193668462374868 0.0030804185888730936 0.00045921911804730226 0.013185986365171393 -0.0011344905342326147 -0.013070296611783378 0.0044634757464424883 0.00013722886317046735 -0.0003967393033434387 -0.0041935857968752859 0.013477821714254691 -0.0039553606073149308 2.186857430771691e-05 0.0013994541404045318 0.002108554538866323 0.0099181495026009515 -0.0038975949536132464 -0.0045918485385225511 -0.0026740632498516836
leaf_weight=82 4879 10524 8961 13870 710 351 308 2417 138 1586 75 182 3380 1437 220 96 79 486 1052 3430 81 178 961 5113 716 652 131 109 2507 4685
leaf_count=82 4879 10524 8961 13870 710 351 308 2417 138 1586 75 182 3380 1437 220 96 79 486 1052 3430 81 178 961 5113 716 652 131 109 2507 4685
internal_value=0.000194218 0.00136892 0.00256458 -0.000729509 0.00206714 0.00647491 0.00951067 0.000705892 0.0027723 0.00101418 0.0101725 -0.000317084 0.00203267 0.00272596 0.00360365 0.00893411 -0.00498593 0.000425186 0.00249687 2.13303e-05 0.00578291 0.00704409 -0.00118279 -0.00118945 -0.00146254 -0.00235708 -0.00269112 0.00373858 -0.00289235 -0.00208694
internal_weight=69396 30546 10886 38850 9671 1215 659 19660 556 17243 157 399 6719 5133 3696 316 217 11067 1797 9270 745 664 4391 27783 22670 8800 8084 240 7844 5337
internal_count=69396 30546 10886 38850 9671 1215 659 19660 556 17243 157 399 6719 5133 3696 316 217 11067 1797 9270 745 664 4391 27783 22670 8800 8084 240 7844 5337
is_linear=0
shrinkage=0.05


Tree=18
num_leaves=31
num_cat=0
split_feature=0 19 20 7 1 6 15 20 1 16 18 2 16 13 5 7 17 15 21 7 8 12 0 8 19 2 0 20 16 7
split_gain=25.7144 11.7609 9.54996 6.39857 6.28621 5.49196 5.12916 5.3854 4.87751 4.85447 4.34048 4.30664 4.03133 6.39597 3.92823 3.78707 4.75954 3.86252 3.74957 4.36965 3.83603 3.80702 3.77225 3.71543 4.72363 3.68256 3.60418 3.3273 3.70797 4.09839
threshold=-0.17510148169706419 0.24201711146554897 0.050681713122918054 -0.28083777164638007 -0.22278528078348683 -0.34016418337713722 -0.33066989252005968 0.51017372765182045 0.35513868634871487 0.16728248827029377 -0.61565526845118357 -3.0210387116268929 0.94361783565544677 1.4117904051826828 -0.38880255613634856 0.34645153262081546 1.1386793667203983 0.16899376750907893 -0.98296291314453399 0.55425595751979639 1.8120657384642036 0.27728469169640307 1.6727507924385632 2.6603453133975887 0.050239783391845073 0.17900394323678401 -1.044979527154734 0.43723210288433806 1.4007620294251135 -0.28605745817242484
decision_type=2 2 2 2 2 2 2 2 2 2 2 2 2 2 2 2 2 2 2 2 2 2 2 2 2 2 2 2 2 2
left_child=2 8 3 10 11 9 -7 -8 -2 -3 -1 -4 -6 -14 -5 27 -17 -18 21 22 -21 -10 -20 24 -22 -16 -27 28 29 -13
right_child=1 5 4 14 12 6 7 -9 18 -11 -12 15 13 -15 25 16 17 -19 19 20 23 -23 -24 -25 -26 26 -28 -29 -30 -31
leaf_value=0.01108499568914356 -0.00077414810923348261 0.0040129628411873629 0.0078078569680107889 0.013370801559730628 -9.3705619571907367e-05 0.0034739524154258072 0.00037358581818068678 -0.0019967074053428716 -0.0020940662414488413 -0.014885089676827194 0.0019423762438748613 0.0039141254869364912 -0.0071679755758959803 0.0069291784831526856 0.00099775840416371536 0.00072290638097669956 0.014447714137130006 0.0044411208083178725 -0.0027387985682554923 -0.0115265658107598 0.0089166780834299669 0.0082773242699984238 5.8476454731620225e-05 -0.0096666498276531728 -0.0040903945825675695 0.010162331932531935 0.0030685758363568267 -0.00020269051760093572 -0.0028890802945026953 0.0014286665303721222
leaf_weight=442 11146 44 282 76 9871 1160 19050 2731 184 100 189 2253 90 428 1615 352 162 251 6287 227 86 155 1490 160 246 236 717 2466 383 6300
leaf_count=442 11146 44 282 76 9871 1160 19050 2731 184 100 189 2253 90 428 1615 352 162 251 6287 227 86 155 1490 160 246 236 717 2466 383 6300
internal_value=0.000167686 -0.000582928 0.00140536 0.00392663 0.00104225 0.000185817 0.000248882 7.56079e-05 -0.00147074 -0.00922506 0.00841958 0.00179958 0.000133886 0.0043905 0.00282669 0.00165403 0.00503978 0.00861499 -0.00234768 -0.00255405 -0.00626374 0.00274931 -0.00220348 -0.00365432 -0.000558889 0.00246398 0.00491255 0.00142265 0.00187091 0.00208718
internal_weight=69179 43066 26113 3275 22838 23085 22941 21781 19981 144 631 12449 10389 518 2644 12167 765 413 8835 8496 719 339 7777 492 332 2568 953 11402 8936 8553
internal_count=69179 43066 26113 3275 22838 23085 22941 21781 19981 144 631 12449 10389 518 2644 12167 765 413 8835 8496 719 339 7777 492 332 2568 953 11402 8936 8553
is_linear=0
shrinkage=0.05


Tree=19
num_leaves=31
num_cat=0
split_feature=1 20 15 19 20 2 15 18 7 18 11 17 36 19 8 8 13 8 15 57 20 44 2 17 1 16 6 5 17 18
split_gain=26.8469 9.95186 6.17343 5.75423 5.88186 5.12555 6.42348 4.97149 4.65715 4.6288 4.78119 5.26514 4.43476 4.31424 4.31417 4.26289 3.95333 4.19646 4.40212 4.13328 4.08633 4.08477 4.39638 4.23169 3.81639 3.70008 4.42243 4.21252 3.63988 3.8784
threshold=-0.45390842125757386 0.2674141330740113 0.38065968817806539 0.10209264864810509 0.096524033473373419 0.71324348740800336 -0.33504796212853549 0.037509770713908236 -0.51215678351145832 -0.11763483448241889 -0.33035035416587771 0.58491372638138361 1.0000000180025095e-35 0.050239783391845073 1.0756734963274723 1.3625977138613086 1.5870147011219806 -0.053786316807763322 -0.24574031767432719 1.0000000180025095e-35 0.46471435226357555 1.0000000180025095e-35 -0.38777758476466545 1.1791860589110088 -0.98126919071989038 0.31183723351309472 0.055847656337767553 -0.432630723076112 1.2341127310408715 -0.29385348823286689
decision_type=2 2 2 2 2 2 2 2 2 2 2 2 2 2 2 2 2 2 2 2 2 2 2 2 2 2 2 2 2 2
left_child=1 5 3 9 -5 6 8 16 -1 -2 11 -11 -6 -9 -12 -7 28 18 20 21 -18 22 -20 -24 -19 27 -27 -10 29 -3
right_child=2 7 -4 4 12 15 -8 13 25 10 14 -13 -14 -15 -16 -17 17 24 19 -21 -22 -23 23 -25 -26 26 -28 -29 -30 -31
leaf_value=0.0077586308722049635 -1.664754563455996e-05 -0.00057516224784356343 -0.0016479026931317756 0.0013869874874984731 -0.00020251849016504595 0.0086895249039084434 0.0015087258661624166 -0.0067158952710757924 0.013834555242283386 0.0021333728523717987 -0.00090327310663251598 -0.0094812034511992521 0.0061909587364677807 -0.00033373878687110027 -0.004592063596942514 -0.0041681821583647678 0.0061312033061847538 0.01289848032399952 -0.012939645247378699 0.0069281500447687001 -0.0001655640901185061 0.0019876933186141104 0.0040174984110335852 -0.011346871992025305 0.003818091141742612 0.00047753280091611085 0.012587217589334392 0.0042213694475229588 -0.0072977933172498734 0.0029336910241084414
leaf_weight=811 5049 1968 7356 8235 26852 612 4032 294 118 125 4032 388 264 2063 979 66 718 176 140 118 398 231 122 58 342 1104 71 1319 134 1300
leaf_count=811 5049 1968 7356 8235 26852 612 4032 294 118 125 4032 388 264 2063 979 66 718 176 140 118 398 231 122 58 342 1104 71 1319 134 1300
internal_value=0.000237803 0.0020199 -0.000304162 -8.86126e-05 0.000217527 0.00325295 0.0028668 0.00077351 0.00445744 -0.00111143 -0.00211024 -0.00666446 -0.000138013 -0.00115483 -0.00163166 0.0073955 0.00157082 0.00316587 0.00199419 -0.00120234 0.00390405 -0.00303599 -0.0066128 -0.00126988 0.00708918 0.00340677 0.00130931 0.00510091 0.00048493 0.00082534
internal_weight=69475 16195 53280 45924 35351 8133 7455 8062 3423 10573 5524 513 27116 2357 5011 678 5705 2303 1785 669 1116 551 320 180 518 2612 1175 1437 3402 3268
internal_count=69475 16195 53280 45924 35351 8133 7455 8062 3423 10573 5524 513 27116 2357 5011 678 5705 2303 1785 669 1116 551 320 180 518 2612 1175 1437 3402 3268
is_linear=0
shrinkage=0.05


Tree=20
num_leaves=31
num_cat=0
split_feature=1 15 0 20 7 12 18 17 6 15 9 12 20 13 11 15 13 8 17 5 20 18 9 22 6 20 12 9 7 1
split_gain=24.5202 9.37683 7.70249 6.04129 7.5314 5.0925 7.44704 4.86269 6.06079 4.46348 7.28644 5.24786 4.56717 4.06645 4.87015 3.98888 3.98352 3.95882 3.93428 5.68355 4.93353 3.80951 3.80209 3.7187 3.57132 3.514 4.28981 4.67675 4.31262 3.43328
threshold=-0.05267823738315229 -0.36325563054300108 -0.82562112556723044 0.18877744426049423 0.34645153262081546 0.28374120061389274 0.46000629722921244 0.5885034495901188 0.021790819487590273 -0.059472909555421692 -2.1275921318342097 0.22457684420090065 0.61829892920178509 1.6947866403785319 -0.37810149828709444 0.3100390580749528 1.7574062380476037 0.93480881341946687 1.2341127310408715 -0.4785898111687063 0.17333333333333548 -0.39048875486870205 -3.3273727407507789 0.91597561503675362 -0.24365486125828514 0.46471435226357555 0.52739989436617252 -2.6243543625630097 -0.58835878109026141 -0.95490478731214468
decision_type=2 2 2 2 2 2 2 2 2 2 2 2 2 2 2 2 2 2 2 2 2 2 2 2 2 2 2 2 2 2
left_child=1 7 -2 4 -3 17 25 -1 18 10 16 12 -11 -12 -15 -6 -4 -5 21 20 -20 22 -9 -13 -23 -7 27 -27 -28 -29
right_child=2 3 9 5 15 6 -8 8 -10 11 13 23 -14 14 -16 -17 -18 -19 19 -21 -22 24 -24 -25 -26 26 28 29 -30 -31
leaf_value=0.00017482566769279901 0.0027699452932022817 0.0014107936315892083 -0.0010564959821781016 -0.00012540105861880295 0.0084288737274589385 0.0028043933642635638 -0.0039023813372316206 0.013066967062945113 0.009011277401414941 -3.7018189709561818e-05 0.00015501389122671313 -0.0014271794807997487 -0.0033937422815479876 0.010663118063894217 0.0019696647965000286 -0.00047424309111470753 -0.0084656924947493668 -0.0034930065835368333 0.01109686078401631 -0.0024747026943397234 -0.00021708551077888563 -0.0013608109299528682 0.0024035798241777706 -0.0036270552918521285 0.008852370271345722 -0.0076046976163335681 0.018012502934539414 0.0042099875866087209 0.002964262956364711 -0.00053760509062113378
leaf_weight=1075 1498 7519 396 9811 603 3704 620 79 511 10922 5380 15182 1107 182 1050 157 330 948 177 605 198 97 1611 2197 589 187 51 466 244 1896
leaf_count=1075 1498 7519 396 9811 603 3704 620 79 511 10922 5380 15182 1107 182 1050 157 330 948 177 605 198 97 1611 2197 589 187 51 466 244 1896
internal_value=0.000115107 0.00115637 -0.000733038 0.000778973 0.00189523 0.000262697 0.00129421 0.003152 0.00397705 -0.000876556 0.000226377 -0.00115175 -0.000348492 0.000750632 0.00332944 0.0066074 -0.00449358 -0.000425096 0.00318602 0.000513149 0.00527262 0.0042817 0.00297598 -0.00170721 0.00740943 0.00179145 0.000467007 -0.000202754 0.0060711 0.000412849
internal_weight=69392 31148 38244 26206 8279 17927 7168 4942 3867 36746 7338 29408 12029 6612 1232 760 726 10759 3356 980 375 2376 1690 17379 686 6548 2844 2549 295 2362
internal_count=69392 31148 38244 26206 8279 17927 7168 4942 3867 36746 7338 29408 12029 6612 1232 760 726 10759 3356 980 375 2376 1690 17379 686 6548 2844 2549 295 2362
is_linear=0
shrinkage=0.05


Tree=21
num_leaves=31
num_cat=0
split_feature=0 1 19 20 9 4 1 15 13 19 13 13 18 9 12 22 18 7 18 6 15 20 20 1 7 4 1 4 10 10
split_gain=21.9531 12.3795 9.84046 7.96676 6.47249 6.02615 5.26075 5.20421 4.68981 4.61559 4.40583 4.77987 3.99385 4.02895 3.73795 3.48462 4.27284 6.24212 5.27802 3.54982 3.54457 3.30717 3.26552 3.75978 3.4987 3.31627 3.94127 3.29917 3.26191 3.24195
threshold=-0.18158064903160567 -1.0985628150990316 0.24201711146554897 0.050681713122918054 -2.6243543625630097 1.3063063395951324 0.35513868634871487 -0.3447062436238667 1.137773132590614 0.017787479490760618 1.6875004071442465 1.837996611868562 0.28971817792637566 -2.8157887327873303 0.28244641480048149 -0.5 -0.71689673810434007 -0.046453435674371081 -0.54652314068617336 0.32217495574593963 -0.35827978560892387 0.27738679022592483 0.47892024738129596 0.023178760956517139 -0.18996403248803687 1.525236987100701 2.3292453275840219 2.5267443022687552 -0.42886032029186022 0.46213721575511107
decision_type=2 2 2 2 2 2 2 2 2 2 2 2 2 2 2 2 2 2 2 2 2 2 2 2 2 2 2 2 2 2
left_child=1 3 6 -1 12 9 -2 8 -6 14 -3 21 13 -4 -5 16 -13 18 -18 -19 -17 -12 25 24 -24 29 27 -27 -16 -9
right_child=2 10 4 5 7 -7 -8 22 -10 -11 11 15 -14 -15 28 20 17 19 -20 -21 -22 -23 23 -25 -26 26 -28 -29 -30 -31
leaf_value=0.0089918746543924798 -0.00054442909481736839 0.00052661251397446345 -0.0048755612558090584 -0.0052733344758946442 -0.0012249121198005001 0.0084305176566704179 -0.0021740271606165225 0.00030703885026217559 0.0065274223713897494 0.0030865367585130934 0.0067293853976504491 -0.0099825972970575098 0.0005247949643902226 -0.018333690052645076 0.0097713133643846962 0.0099287168770704586 0.0063514810328193219 0.0056399639445637575 -0.0092539037823741576 -0.0071403006614687353 0.0016217064081007267 0.0020425652198871034 0.0044776332860703375 -0.0027734450424129996 -0.00079077442191668687 0.002483992331223274 0.011848746250782694 -0.0050993708123239414 -0.0010430511566153927 -0.0072282322022753469
leaf_weight=624 11309 17120 175 327 281 430 8814 16451 608 2736 808 120 151 80 90 128 63 356 221 55 1990 720 408 1802 1272 1733 95 147 225 134
leaf_count=624 11309 17120 175 327 281 430 8814 16451 608 2736 808 120 151 80 90 128 63 356 221 55 1990 720 408 1802 1272 1733 95 147 225 134
internal_value=0.00023865 0.00138721 -0.000448981 0.00379127 0.000249659 0.00291775 -0.00125893 0.000361637 0.00409065 0.00219319 0.00089197 0.00228979 -0.00593154 -0.00963023 -0.00160291 0.00110158 -0.00166257 -0.000104803 -0.00569386 0.00380073 0.00216803 0.00454858 0.000209451 -0.00119347 0.00050762 0.000473151 0.00240459 0.00186719 0.00225235 0.000241838
internal_weight=69473 26013 43460 4432 23337 3808 20123 22931 889 3378 21581 4461 406 255 642 2933 815 695 284 411 2118 1528 22042 3482 1680 18560 1975 1880 315 16585
internal_count=69473 26013 43460 4432 23337 3808 20123 22931 889 3378 21581 4461 406 255 642 2933 815 695 284 411 2118 1528 22042 3482 1680 18560 1975 1880 315 16585
is_linear=0
shrinkage=0.05


Tree=22
num_leaves=31
num_cat=0
split_feature=0 19 7 12 7 49 8 4 0 12 17 2 19 5 38 28 0 27 0 19 0 12 19 19 17 12 13 57 20 5
split_gain=20.6285 8.52587 7.28361 5.90831 5.59679 5.56592 6.03083 5.50383 5.91697 4.38858 5.1471 4.60084 4.14366 4.10718 4.7713 4.09299 5.12008 4.08786 4.00654 3.98907 3.93649 3.8062 3.70187 3.69182 4.53475 3.57523 3.45906 3.37987 3.37099 3.16758
threshold=-0.58419285297094714 0.29835740583404807 -0.51215678351145832 0.27596029697851004 0.80550218621175873 1.0000000180025095e-35 -0.93476890069626717 1.3688129020439639 -1.261854202730742 0.46454658421259293 1.3973424124962119 3.6639597521923744 0.31553574974898418 -0.4785898111687063 1.0000000180025095e-35 1.0000000180025095e-35 1.0000000180025095e-35 1.0000000180025095e-35 -0.70492328711028451 0.53238084050961199 1.1620639442368705 0.12570747024245746 0.37936740927163015 0.081005076373555432 0.549792914845042 0.32664231915126757 1.3406198999243644 1.0000000180025095e-35 0.33107770688502441 -0.236965006230726
decision_type=2 2 2 2 2 2 2 2 2 2 2 2 2 2 2 2 2 2 2 2 2 2 2 2 2 2 2 2 2 2
left_child=2 4 3 -1 15 6 21 12 -9 11 29 28 13 -4 -15 16 -2 -7 25 26 -6 -3 -12 24 -18 -5 -14 -25 -8 -11
right_child=1 5 7 18 20 17 9 8 -10 10 22 -13 19 14 -16 -17 23 -19 -20 -21 -22 -23 -24 27 -26 -27 -28 -29 -30 -31
leaf_value=0.00029484523707818799 0.0011529378901654042 -0.0050264617825826908 0.0060120425127737354 0.013911012618171167 -0.0015998518094420433 -0.0005575734579762329 0.00043861871098691587 0.0084442282348963851 0.0019501100894540732 -0.0081098340491691321 -0.00028916778595208429 -0.014616373153748335 0.0089114200018397174 0.00059892543568631107 -0.0074769713960084975 -0.0013084209189869658 0.0014318838633348735 -0.0066744582899031487 -0.0028845563210466857 -0.0028499718041320402 -0.010923779157466004 0.0024504221424240845 0.012601635442914295 -0.0004363485593883344 -0.0033591241867459327 0.0063889518079549359 0.0028986043946634841 0.004822821983399523 -0.0010598163320551133 0.0022284968396846057
leaf_weight=425 4855 168 332 214 228 671 12811 533 1015 73 76 44 338 8373 177 17214 624 453 83 198 223 4369 194 5630 2274 695 821 313 5297 691
leaf_count=425 4855 168 332 214 228 671 12811 533 1015 73 76 44 338 8373 177 17214 624 453 83 198 223 4369 194 5630 2274 695 821 313 5297 691
internal_value=8.85851e-05 -0.000329262 0.00186622 0.00524196 -0.000877271 0.000362491 0.000525868 0.0014563 0.00422598 0.000137775 0.00329016 -4.35084e-05 0.00103384 0.000638632 0.000423201 -0.000795435 -0.000150198 -0.00305995 0.00733734 0.00359702 -0.00634708 0.00216312 0.00909238 -0.000866304 -0.00232614 0.00829192 0.00471336 -0.000151728 -5.04902e-08 0.00114866
internal_weight=69412 56208 13204 1417 31361 24847 23723 11787 1548 19186 1034 18152 10239 8882 8550 30910 13696 1124 992 1357 451 4537 270 8841 2898 909 1159 5943 18108 764
internal_count=69412 56208 13204 1417 31361 24847 23723 11787 1548 19186 1034 18152 10239 8882 8550 30910 13696 1124 992 1357 451 4537 270 8841 2898 909 1159 5943 18108 764
is_linear=0
shrinkage=0.05


Tree=23
num_leaves=31
num_cat=0
split_feature=0 2 19 20 4 2 17 19 5 8 20 4 17 8 18 56 9 12 8 3 6 4 16 14 0 4 18 5 2 5
split_gain=18.5607 8.67081 8.60381 6.66616 6.10724 6.44026 4.78296 4.23813 4.79989 5.21239 4.07894 4.12448 3.92719 4.69519 3.62426 4.54643 3.6414 3.38756 3.29154 3.24344 3.24058 3.22611 3.1706 3.16603 3.9195 5.53436 3.67868 3.64474 5.47105 3.78461
threshold=-0.17510148169706419 -3.0210387116268929 0.39453511497866439 0.070615958642723339 0.96796122924061512 -0.24655231643636105 0.57474829878804023 0.08854199297744457 0.082012324750078719 2.5770374798989564 0.06392369759236198 0.16505501717065332 2.0412527124876632 -0.57314175210994167 0.40964822696844855 1.0000000180025095e-35 -2.8157887327873303 0.14248201395579682 -1.2007584055623306 0.045908244496273155 0.44751875607060293 2.5267443022687552 -1.7799356871015777 0.13410116899219651 -1.1845311051795659 1.3688129020439639 -0.096084900787684155 0.23499354359842117 1.473934296592023 0.1805682717740125
decision_type=2 2 2 2 2 2 2 2 2 2 2 2 2 2 2 2 2 2 2 2 2 2 2 2 2 2 2 2 2 2
left_child=1 -1 4 12 6 -6 -2 17 14 -10 11 -11 22 -14 19 16 -16 -8 -18 -9 21 -4 -3 27 25 -25 -26 28 -5 -30
right_child=2 3 20 23 5 -7 7 8 9 10 -12 -13 13 -15 15 -17 18 -19 -20 -21 -22 -23 -24 24 26 -27 -28 -29 29 -31
leaf_value=0.0088345355349871754 -0.00040374639466055561 -0.0025595436369503211 0.00049995413886623605 0.00013231328416109001 0.0034432692980136386 -0.00046692356200038677 0.0028985094869287392 -0.0025844856679653155 -0.003259258613671523 -0.00061278636345551128 -0.0025951324347746173 0.011891984301308792 0.022132330191762827 0.0008456176067939249 -0.011068628527379285 -0.0057456744748476639 0.005587816771357286 -0.0035972697090709037 0.00072986613947594763 0.0010769175086044593 0.012281866662469212 -0.008947765667523656 0.0029579043789724566 0.0020754477307785937 0.00061475718067719105 0.0091007626656221079 0.0074105202654084455 -0.0039816974757869248 0.00089639528439595148 0.018766959391728934
leaf_weight=349 7651 272 13233 10182 1289 5553 204 2558 4054 116 230 140 47 49 50 250 393 4036 2622 785 48 81 3800 1942 8581 320 194 523 55 57
leaf_count=349 7651 272 13233 10182 1289 5553 204 2558 4054 116 230 140 47 49 50 250 393 4036 2622 785 48 81 3800 1942 8581 320 194 523 55 57
internal_value=6.97478e-05 0.00111521 -0.000567186 0.00100833 -0.00103804 0.000273688 -0.00142669 -0.00193307 -0.00142111 -0.00267294 0.00218499 0.00641574 0.0028385 0.012372 -0.000564773 0.000605986 0.00114107 -0.00327865 0.00137947 -0.00172407 0.000487511 0.000435804 0.00258398 0.000658141 0.00125352 0.00310498 0.000773264 5.00549e-05 0.000258559 0.010784
internal_weight=69664 26371 43293 26022 29931 6842 23089 15438 11198 4540 486 256 4168 96 6658 3315 3065 4240 3015 3343 13362 13314 4072 21854 11037 2262 8775 10817 10294 112
internal_count=69664 26371 43293 26022 29931 6842 23089 15438 11198 4540 486 256 4168 96 6658 3315 3065 4240 3015 3343 13362 13314 4072 21854 11037 2262 8775 10817 10294 112
is_linear=0
shrinkage=0.05


end of trees

feature_importances:
Column_20=63
Column_1=55
Column_0=48
Column_7=48
Column_15=40
Column_19=40
Column_13=36
Column_2=32
Column_18=32
Column_12=31
Column_16=29
Column_9=27
Column_17=26
Column_6=25
Column_4=24
Column_8=23
Column_5=22
Column_22=20
Column_10=18
Column_11=18
Column_21=14
Column_3=12
Column_14=7
Column_58=5
Column_27=3
Column_50=3
Column_57=3
Column_38=2
Column_44=2
Column_49=2
Column_51=2
Column_56=2
Column_28=1
Column_29=1
Column_34=1
Column_36=1
Column_41=1
Column_46=1

parameters:
[boosting: gbdt]
[objective: huber]
[metric: huber]
[tree_learner: serial]
[device_type: cpu]
[data_sample_strategy: bagging]
[data: ]
[valid: ]
[num_iterations: 24]
[learning_rate: 0.05]
[num_leaves: 31]
[num_threads: 4]
[seed: 0]
[deterministic: 1]
[force_col_wise: 0]
[force_row_wise: 0]
[histogram_pool_size: -1]
[max_depth: -1]
[min_data_in_leaf: 43]
[min_sum_hessian_in_leaf: 0.001]
[bagging_fraction: 0.8]
[pos_bagging_fraction: 1]
[neg_bagging_fraction: 1]
[bagging_freq: 1]
[bagging_seed: 7719]
[bagging_by_query: 0]
[feature_fraction: 0.8]
[feature_fraction_bynode: 1]
[feature_fraction_seed: 2437]
[extra_trees: 0]
[extra_seed: 11797]
[early_stopping_round: 0]
[early_stopping_min_delta: 0]
[first_metric_only: 0]
[max_delta_step: 0]
[lambda_l1: 0]
[lambda_l2: 10]
[linear_lambda: 0]
[min_gain_to_split: 0]
[drop_rate: 0.1]
[max_drop: 50]
[skip_drop: 0.5]
[xgboost_dart_mode: 0]
[uniform_drop: 0]
[drop_seed: 21238]
[top_rate: 0.2]
[other_rate: 0.1]
[min_data_per_group: 100]
[max_cat_threshold: 32]
[cat_l2: 10]
[cat_smooth: 10]
[max_cat_to_onehot: 4]
[top_k: 20]
[monotone_constraints: ]
[monotone_constraints_method: basic]
[monotone_penalty: 0]
[feature_contri: ]
[forcedsplits_filename: ]
[refit_decay_rate: 0.9]
[cegb_tradeoff: 1]
[cegb_penalty_split: 0]
[cegb_penalty_feature_lazy: ]
[cegb_penalty_feature_coupled: ]
[path_smooth: 0]
[interaction_constraints: ]
[verbosity: -1]
[saved_feature_importance_type: 0]
[use_quantized_grad: 0]
[num_grad_quant_bins: 4]
[quant_train_renew_leaf: 0]
[stochastic_rounding: 1]
[linear_tree: 0]
[max_bin: 255]
[max_bin_by_feature: ]
[min_data_in_bin: 3]
[bin_construct_sample_cnt: 200000]
[data_random_seed: 38]
[is_enable_sparse: 1]
[enable_bundle: 1]
[use_missing: 1]
[zero_as_missing: 0]
[feature_pre_filter: 1]
[pre_partition: 0]
[two_round: 0]
[header: 0]
[label_column: ]
[weight_column: ]
[group_column: ]
[ignore_column: ]
[categorical_feature: ]
[forcedbins_filename: ]
[precise_float_parser: 0]
[parser_config_file: ]
[objective_seed: 8855]
[num_class: 1]
[is_unbalance: 0]
[scale_pos_weight: 1]
[sigmoid: 1]
[boost_from_average: 1]
[reg_sqrt: 0]
[alpha: 0.9]
[fair_c: 1]
[poisson_max_delta_step: 0.7]
[tweedie_variance_power: 1.5]
[lambdarank_truncation_level: 30]
[lambdarank_norm: 1]
[label_gain: ]
[lambdarank_position_bias_regularization: 0]
[eval_at: ]
[multi_error_top_k: 1]
[auc_mu_weights: ]
[num_machines: 1]
[local_listen_port: 12400]
[time_out: 120]
[machine_list_filename: ]
[machines: ]
[gpu_platform_id: -1]
[gpu_device_id: -1]
[gpu_device_id_list: ]
[gpu_use_dp: 0]
[num_gpu: 1]

end of parameters

pandas_categorical:null
