tree
version=v4
num_class=1
num_tree_per_iteration=1
label_index=0
max_feature_idx=58
objective=huber
feature_names=Column_0 Column_1 Column_2 Column_3 Column_4 Column_5 Column_6 Column_7 Column_8 Column_9 Column_10 Column_11 Column_12 Column_13 Column_14 Column_15 Column_16 Column_17 Column_18 Column_19 Column_20 Column_21 Column_22 Column_23 Column_24 Column_25 Column_26 Column_27 Column_28 Column_29 Column_30 Column_31 Column_32 Column_33 Column_34 Column_35 Column_36 Column_37 Column_38 Column_39 Column_40 Column_41 Column_42 Column_43 Column_44 Column_45 Column_46 Column_47 Column_48 Column_49 Column_50 Column_51 Column_52 Column_53 Column_54 Column_55 Column_56 Column_57 Column_58
feature_infos=[-12.405420019668705:11.170656344809563] [-9.7104030484078674:7.8670413221077817] [-7.4496716726164154:6.9020917303917599] [-5.7791248947204981:4.7422462317015395] [-2.585299189567031:3.628236789012981] [-0.89181637756876342:0.8810795306661291] [-0.62076819411133588:0.67856386841145822] [-2.5424013145016029:1.6785035036510345] [-4.1204915539304405:4.2983882161765647] [-7.3533627862607656:7.3684143483635554] [-0.5:0.5] [-0.49997570443132483:0.5] [0.072232547920772786:0.7346370205651731] [0.38837131923564977:4.911476078004176] [0:0.75923363267148247] [-0.5:0.50000000000000022] [-4.6051701859880909:3.0979928178555198] [0.11233945699058888:4.0974056399565999] [-1:1] [0:0.95007165523595438] [0:1] [-0.86602540378443849:0.86602540378443871] [-1:1] [-1:1] [-1:1] [-1:1] [-1:1] [-1:1] [-1:1] [-1:1] [-1:1] [-1:1] [-1:1] [-1:1] [-1:1] [-1:1] [-1:1] [-1:1] [-1:1] [-1:1] [-1:1] [-1:1] [-1:1] [-1:1] [-1:1] [-1:1] [-1:1] [-1:1] [-1:1] [-1:1] [-1:1] [-1:1] [-1:1] [-1:1] [-1:1] [-1:1] [-1:1] [-1:1] [-1:1]
tree_sizes=2867 2930 2932 2939 2921 2958 2927 2921 2930 2906

Tree=0
num_leaves=31
num_cat=0
split_feature=0 10 8 7 6 15 16 15 20 0 4 5 13 21 6 9 13 15 7 21 7 20 4 22 10 9 3 10 4 11
split_gain=14.6071 6.85638 5.61131 6.66623 5.2491 4.32954 4.08492 4.76057 4.07382 4.03273 3.74028 3.93392 3.50772 3.40796 3.25086 2.93657 2.68281 4.07598 2.60125 2.48792 2.96931 2.82458 4.72831 2.4689 3.57238 2.71659 2.93836 2.98051 2.81308 2.58057
threshold=-0.10965712285624378 -0.38581156112943754 -1.9253324740256874 -0.42827431101715091 0.2721543147881999 -0.44518918863980833 0.83503512650785472 -0.21263117545400587 0.40813987710288652 -0.35761070599577632 0.98173819379863303 -0.32561762889686896 1.3099940428592343 1.0000000180025095e-35 -0.21366376669450735 -2.1759588895136499 1.7960761617675818 0.24936467436374235 -0.28365248092675116 -1.0000000180025095e-35 0.73561192223038796 0.10553640698765167 1.6600406664890626 1.0000000180025095e-35 0.40981871645360846 -1.2754751111044669 0.80665808149053653 0.37156797555092719 -0.93906518841575759 0.16968831526749231
decision_type=2 2 2 2 2 2 2 2 2 2 2 2 2 2 2 2 2 2 2 2 2 2 2 2 2 2 2 2 2 2
left_child=2 -2 5 9 15 13 7 12 16 -4 -8 -12 -7 -1 -10 -3 23 -18 -16 20 -17 22 -21 24 29 -25 28 -28 -27 -5
right_child=1 4 3 8 -6 6 10 -9 14 -11 11 -13 -14 -15 18 19 17 -19 -20 21 -22 -23 -24 25 -26 26 27 -29 -30 -31
leaf_value=0.0254257450376261 0.023072099981537808 0.0087479486895448797 0.028203817066831442 0.017723850925487016 0.018713882239010396 0.012502545757070358 0.0039464740253490008 -0.0026644878827177497 0.0051776954304333222 0.016743977133385029 0.030704230305710456 0.006555191783589669 0.020655260299710352 0.013543293250031688 0.022982474165657255 0.013704083255020405 0.023509966623641805 0.013276234132186801 0.015856852962138485 0.016178021542033429 0.001241837415282606 0.014677350027420249 0.025285756330193473 0.022386177432887181 0.033227406005934879 0.021032995007146157 0.023534452045093794 0.013745347843640359 0.014102886631207181 0.021938396840090156
leaf_weight=132 251 206 267 930 802 267 174 25 56 108 24 24 242 99 131 2980 583 111 1393 1136 39 4539 153 202 39 162 227 110 983 599
leaf_count=132 251 206 267 930 802 267 174 25 56 108 24 24 242 99 131 2980 583 111 1393 1136 39 4539 153 202 39 162 227 110 983 599
internal_value=0.0162801 0.0150702 0.0180541 0.0186373 0.0148594 0.0145763 0.01275 0.0151736 0.0181896 0.0250076 0.00720844 0.0190778 0.0163931 0.0204414 0.0160433 0.0145154 0.0190468 0.0218573 0.0165107 0.0146577 0.0134948 0.0152635 0.017322 0.0184309 0.0198533 0.0170918 0.0163325 0.0203654 0.0151182 0.0194026
internal_weight=16994 10106 6888 5901 9855 987 756 534 5526 375 222 48 509 231 1580 9053 3946 694 1524 8847 3019 5828 1289 3252 1568 1684 1482 337 1145 1529
internal_count=16994 10106 6888 5901 9855 987 756 534 5526 375 222 48 509 231 1580 9053 3946 694 1524 8847 3019 5828 1289 3252 1568 1684 1482 337 1145 1529
is_linear=0
shrinkage=1


Tree=1
num_leaves=31
num_cat=0
split_feature=18 4 10 13 20 8 17 22 16 17 19 10 14 49 13 4 19 1 20 4 14 16 1 16 19 22 17 18 6 4
split_gain=16.1207 7.91102 6.2601 5.56494 5.50923 4.78908 4.28477 5.44584 5.21286 4.06098 4.5049 3.57639 3.35714 3.25308 3.04665 2.8125 3.3106 2.90032 2.88976 2.80189 2.64893 3.36528 2.63551 3.15191 2.8823 2.54547 2.73477 3.22082 2.52615 2.50956
threshold=-0.038439098824157795 0.31630034050375461 -0.38581156112943754 1.5072919842337424 0.4934286702657748 2.3371065624176368 0.73729331317144597 -0.75000000000000011 0.079239783238737607 0.6070254933921112 0.49152321298842722 -0.48280098243221831 0.11399835122532406 1.0000000180025095e-35 1.9165210734919864 -1.4948169167959018 0.036579268037470553 2.5400916250078831 0.63653800776799441 2.5553893821048326 0.31472472199009255 -0.42346853555077124 -2.5933287637334637 1.114416726054398 0.12609264806626749 1.0000000180025095e-35 1.3439185948720735 -0.75873302472401083 0.10467146153078639 -1.8811758252281765
decision_type=2 2 2 2 2 2 2 2 2 2 2 2 2 2 2 2 2 2 2 2 2 2 2 2 2 2 2 2 2 2
left_child=1 4 -2 12 6 9 8 -8 -1 -4 14 -9 -3 -6 -11 -16 -17 18 -18 -14 21 -13 -5 -24 -25 -23 27 -27 -10 -22
right_child=2 3 5 22 13 -7 7 11 28 10 -12 20 19 -15 15 16 17 -19 -20 -21 29 25 23 24 -26 26 -28 -29 -30 -31
leaf_value=0.00093023032576218924 0.006878036035204981 -0.00038384682829188926 -5.3600882454430596e-05 0.014668821069327268 -0.0020846256878671665 0.0028313052852882541 -0.002652421265123711 0.018866652873389067 -0.0073839327643158261 -0.0037599942009614523 0.00060000075058472355 0.0013978285178878865 0.0041189722763343732 -0.012847747251642153 -0.0086075620697811245 -0.00931114171553089 0.0029077623298211465 -0.010559703409671784 -0.0064312302623875444 -0.011514944570759932 -0.011919626635282713 0.0099577617088534021 0.0061445294547445859 -0.010954725241754205 0.0052644074572758244 -0.0082198666644963756 0.011107699855884031 0.0040568541294074998 0.006827035594127469 0.0013531302504072135
leaf_weight=1372 225 851 2552 78 783 615 333 32 297 3699 994 455 1127 68 90 73 716 40 84 20 33 351 1254 46 45 57 93 258 27 199
leaf_count=1372 225 851 2552 78 783 615 333 32 297 3699 994 455 1127 68 90 73 716 40 84 20 33 351 1254 46 45 57 93 258 27 199
internal_value=0.000247991 0.00191748 -0.00118157 0.00371348 0.000502358 -0.00139369 0.00137888 0.00306327 -0.000427133 -0.00171177 -0.00245329 0.00436022 0.00199568 -0.00308389 -0.00309866 -0.00064666 0.000222849 0.00115119 0.00185988 0.0037492 0.00391181 0.00484097 0.00609464 0.00549281 -0.00320715 0.00686001 0.00402057 0.00165079 -0.00603074 -0.000949338
internal_weight=16867 7779 9088 3421 4358 8863 3507 1811 1696 8248 5696 1478 1998 851 4702 1003 913 840 800 1147 1446 1214 1423 1345 91 759 408 315 324 232
internal_count=16867 7779 9088 3421 4358 8863 3507 1811 1696 8248 5696 1478 1998 851 4702 1003 913 840 800 1147 1446 1214 1423 1345 91 759 408 315 324 232
is_linear=0
shrinkage=0.05


Tree=2
num_leaves=31
num_cat=0
split_feature=0 19 8 2 30 12 11 7 10 19 0 0 8 7 10 13 17 8 1 17 1 5 14 1 7 20 14 10 2 42
split_gain=13.4521 7.80322 6.25722 4.58225 4.5819 4.69365 5.7624 4.55199 4.12929 3.53805 3.48908 3.2943 4.32878 3.31761 3.27265 3.25591 3.62064 3.45549 3.19284 3.01884 2.98275 2.89366 2.84694 2.7829 2.89719 2.77315 2.76801 2.73225 2.66393 2.74899
threshold=-0.13317225163617472 0.45280005590886896 2.0055761611865424 2.534498480434896 1.0000000180025095e-35 0.39805639265756126 0.42350045794216923 0.24005691405834462 -0.42179265509527603 0.18018598776151509 0.71254993605557326 -4.068777444964363 -2.0790020002411249 -0.25635789661193148 -0.48280098243221831 3.7483921443748462 0.61513951621517415 1.6908126210557419 -0.38035244633351029 1.3899982591316491 -2.347727932710614 0.32155233808123374 0.1587323625117156 1.4153869722374128 0.077459685102500356 0.19977102161559299 0.0060900101311063617 0.39052201212501125 0.76297624607260539 1.0000000180025095e-35
decision_type=2 2 2 2 2 2 2 2 2 2 2 2 2 2 2 2 2 2 2 2 2 2 2 2 2 2 2 2 2 2
left_child=4 2 7 10 9 11 18 8 -2 14 -3 -6 -13 -14 -1 16 -10 23 -7 -8 -16 28 26 -18 25 -25 -9 -12 29 -15
right_child=1 3 -4 -5 5 6 19 22 15 -11 27 12 13 21 20 -17 17 -19 -20 -21 -22 -23 -24 24 -26 -27 -28 -29 -30 -31
leaf_value=0.012645405318055834 0.011437770179243851 0.00095526364428160076 0.0021968312513985741 0.018480229754932225 0.018179753752933306 0.014201738873037226 0.0017398904103438197 0.0063111279747988056 -9.5003534165138403e-05 0.002327701324546432 0.013475758008219905 -0.0031411393941206331 0.0068284725269186324 0.0032151055576995929 -0.0096017897142237942 0.014804083475222191 -0.0033145985090230669 0.0059417970340484676 0.0058248782414809025 -0.01578415910402934 -0.00087670835197559594 0.0078568102734207067 -0.0023161511577828287 0.0044200255498501725 0.011614598344749538 -0.0095367443530509875 -0.0081542808849528175 -0.0046735597834471733 -0.0028259175257568567 -0.0017637207638892896
leaf_weight=32 51 2265 960 30 23 214 128 28 2109 1476 86 325 440 1439 96 20 3286 103 282 20 1335 190 546 78 54 50 560 21 291 336
leaf_count=32 51 2265 960 30 23 214 128 28 2109 1476 86 325 440 1439 96 20 3286 103 282 20 1335 190 546 78 54 50 560 21 291 336
internal_value=0.000330181 -0.000804975 -0.00156816 0.00168376 0.00208398 0.00325535 0.007108 -0.00209555 -0.00151933 0.00060804 0.00139463 0.00241967 0.0022401 0.00289801 -0.00113093 -0.00165509 -0.00173897 -0.0027069 0.00964833 -0.00147734 -0.00152461 0.00210468 -0.00497893 -0.00298011 0.00291715 -0.00132784 -0.00737143 0.00981874 0.00154039 0.00226803
internal_weight=16874 10247 7845 2402 6627 3688 644 6885 5751 2939 2372 3044 3021 2696 1463 5700 5680 3571 496 148 1431 2256 1134 3468 182 128 588 107 2066 1775
internal_count=16874 10247 7845 2402 6627 3688 644 6885 5751 2939 2372 3044 3021 2696 1463 5700 5680 3571 496 148 1431 2256 1134 3468 182 128 588 107 2066 1775
is_linear=0
shrinkage=0.05


Tree=3
num_leaves=31
num_cat=0
split_feature=0 19 7 8 7 8 1 15 10 5 17 19 11 4 0 12 7 5 1 0 8 20 14 4 21 11 13 1 13 11
split_gain=12.2617 6.65613 5.39971 4.67542 5.47504 4.62738 4.71679 4.06262 3.99606 4.33083 4.54676 3.74292 4.35895 3.46497 3.37702 3.27535 3.25021 3.31508 3.20652 3.18101 3.17582 5.1664 3.12133 2.95507 3.062 3.24453 3.03146 3.51589 2.94383 2.84936
threshold=-0.12208765894849642 0.38225725575193359 -0.42827431101715091 2.0055761611865424 0.2665704108967068 -1.6293387568252904 -1.2727310647961476 -0.31387265153526778 -0.37704506819557837 -0.29316095239499201 1.4041278346423394 0.18569235687692995 0.09119245543659478 0.22373701688252418 -1.6086132801998201 0.33954811449365907 0.045190385039841338 -0.028222294090614351 -0.44305668315270236 -1.2728408136018938 -1.9253324740256874 0.27803936311114769 0.21733633779169778 1.4448718243659415 1.0000000180025095e-35 0.22011455803062105 3.4171587763097269 -0.94124178715723994 2.0381823202330707 -0.29376389958422161
decision_type=2 2 2 2 2 2 2 2 2 2 2 2 2 2 2 2 2 2 2 2 2 2 2 2 2 2 2 2 2 2
left_child=2 3 20 4 23 7 -7 19 13 -10 -11 12 14 -3 15 -8 -16 -18 -19 -4 21 -1 -21 26 28 -26 27 -2 -25 -29
right_child=1 8 5 -5 -6 6 11 -9 9 10 -12 -13 -14 -15 16 -17 17 18 -20 22 -22 -23 -24 24 25 -27 -28 29 -30 -31
leaf_value=0.0078447858122128959 -0.0077670120709392781 0.013566268731873216 -0.0040816251766319237 0.001618317971594712 -0.0059683651438304577 0.0081497047715828434 -0.00084742319997444394 -0.0080510913902812013 -0.0073769280562041009 0.00040666807149441629 0.0076931343279911428 0.0028453543900576585 0.0022413367768693779 -0.0011460394718285118 0.00016383111072700029 0.01823761812166164 -0.0096675073619487458 0.0086070431432259883 -0.0042670265973577563 0.0053413780458451158 0.0090899011072282498 -0.0032609565547245798 -0.0049064712817780678 0.00010486394610507463 0.016819449285651707 0.0023275483012532481 0.012917302523485639 0.0011839900863437776 -0.0094308681781582818 -0.0025384713917834508
leaf_weight=211 270 102 276 872 855 279 53 201 154 2794 222 2565 1085 60 437 28 254 50 245 291 369 191 90 364 33 440 23 606 94 3199
leaf_count=211 270 102 276 872 855 279 53 201 154 2794 222 2565 1085 60 437 28 254 50 245 291 369 191 90 364 33 440 23 606 94 3199
internal_value=0.00021424 -0.000883032 0.00188389 -0.00178412 -0.00229024 0.00136021 0.00194273 -0.002015 0.000943892 0.000539399 0.000966657 0.00155914 2.00032e-05 0.00836744 -0.00223864 0.00702903 -0.00306291 -0.00558836 -0.00187433 -7.5318e-05 0.0057917 0.0026171 0.00285705 -0.00165431 0.000881022 0.00366591 -0.00223104 -0.00234795 -0.00201195 -0.00194407
internal_weight=16713 10088 6625 6756 5884 5854 4996 858 3332 3170 3016 4717 2152 162 1067 81 986 549 295 657 771 402 381 5029 931 473 4098 4075 458 3805
internal_count=16713 10088 6625 6756 5884 5854 4996 858 3332 3170 3016 4717 2152 162 1067 81 986 549 295 657 771 402 381 5029 931 473 4098 4075 458 3805
is_linear=0
shrinkage=0.05


Tree=4
num_leaves=31
num_cat=0
split_feature=18 54 7 16 13 11 17 1 11 42 10 20 20 16 4 14 9 17 19 4 20 13 18 34 16 19 14 7 4 4
split_gain=12.9137 7.86461 6.41126 5.10219 5.24543 4.91566 7.32155 4.2399 7.37775 4.21835 4.21705 4.15999 4.02381 3.85895 5.50718 3.59485 3.26471 3.30609 5.19653 3.51252 3.23446 3.04915 3.49522 2.86778 2.7508 2.72072 2.68423 2.61382 2.6111 2.92322
threshold=-0.038439098824157795 -1.0000000180025095e-35 -0.42827431101715091 1.114416726054398 1.8295906516168208 0.41689409981024039 1.4319706972949346 -1.2012738087366901 -0.44611369518264571 1.0000000180025095e-35 -0.38581156112943754 0.026962972297303628 0.50059577135441802 0.61592747242154655 -0.46081947427317888 0.02934775467587198 3.4475708227746629 0.6070254933921112 0.49152321298842722 1.516107553529731 0.57238260880645331 1.6513900941115403 0.29964600035934663 1.0000000180025095e-35 -0.4844979315088625 0.23051347208491663 0.10002438837225873 -0.82621068648928386 1.7476618150707015 -0.55557337874406698
decision_type=2 2 2 2 2 2 2 2 2 2 2 2 2 2 2 2 2 2 2 2 2 2 2 2 2 2 2 2 2 2
left_child=1 5 12 4 20 -1 24 8 -6 -5 25 28 15 14 -9 -3 17 19 23 -13 -4 -20 -23 27 -7 -2 -21 -19 29 -12
right_child=10 2 3 9 7 6 -8 13 -10 -11 11 16 -14 -15 -16 -17 -18 18 21 26 -22 22 -24 -25 -26 -27 -28 -29 -30 -31
leaf_value=0.011168778276923266 -0.0035294816377298799 -0.0038571744026350122 0.00082328957501458006 0.00013362229801714421 -0.011105744493033854 -0.00069035932887345558 -0.014875793982271438 -0.0052782379671753874 0.016504737876180182 -0.015468380924060263 0.0062819471859573081 -0.00087527089214092704 -0.002034170089145785 0.0120128182223854 0.0049523137524993118 0.0084969111140495417 0.0076390874013304716 0.0082014537280933435 0.0031280200877721038 0.01149035582744617 -0.0028279871143554215 -0.0052518542108514372 0.0097871647449210286 -0.0074767792866390157 0.0086973849257143843 0.0083977202839163011 0.0014188970294106604 -0.0028296504499239418 0.0084828983273302367 -0.00105847643331434
leaf_weight=323 58 60 4714 85 22 120 42 200 128 78 174 2201 139 87 343 554 85 45 599 92 686 248 36 333 206 176 198 4231 126 508
leaf_count=323 58 60 4714 85 22 120 42 200 128 78 174 2201 139 87 343 554 85 45 599 92 686 248 36 333 206 176 198 4231 126 508
internal_value=0.000205858 0.00169981 0.00119882 0.000676793 0.00091247 0.00675399 0.0026861 0.00471804 0.0120142 -0.00779493 -0.00107159 -0.00124858 0.0055297 0.00282028 0.00115685 0.0072472 -0.0015915 -0.00169922 -0.00238346 -0.000187156 0.000355072 0.00112004 -0.00307744 -0.00305564 0.00532407 0.00541791 0.00489049 -0.0026947 0.00215313 0.000878017
internal_weight=16897 7787 7096 6343 6180 691 368 780 150 163 9110 8876 753 630 543 614 8068 7983 5492 2491 5400 883 284 4609 326 234 290 4276 808 682
internal_count=16897 7787 7096 6343 6180 691 368 780 150 163 9110 8876 753 630 543 614 8068 7983 5492 2491 5400 883 284 4609 326 234 290 4276 808 682
is_linear=0
shrinkage=0.05


Tree=5
num_leaves=31
num_cat=0
split_feature=18 4 1 12 8 11 20 16 8 8 10 7 21 2 20 10 7 5 2 8 4 16 20 1 20 18 10 18 56 9
split_gain=10.4543 4.98823 6.16873 5.61841 4.66261 5.98517 5.04276 4.37218 3.95009 3.67685 4.07896 3.36091 3.29319 4.15616 5.14996 3.25399 2.98845 2.98803 2.98225 2.90849 3.3717 2.90393 2.67338 2.56179 3.83317 2.41506 2.37864 2.35641 3.66371 2.34703
threshold=-0.038439098824157795 0.31630034050375461 -0.47954774431857472 0.26515791728098886 -1.9253324740256874 -0.27290189831476913 0.38771186662564489 1.0786389149185369 1.8576476732908269 -2.2062586799503698 -0.38581156112943754 -0.52428471933912746 1.0000000180025095e-35 1.9657413252483804 1.0000000180025095e-35 -0.39929894368739988 0.39387444340976113 -0.24223505202607162 0.79266773943564217 2.0665312796560236 1.9500804569922925 -0.52444429336913512 0.65560685352842529 -0.47954774431857472 0.36822592318886033 0.10706789988795477 -0.21447682642988999 0.26235643226044164 -1.0000000180025095e-35 -1.2202865248302968
decision_type=2 2 2 2 2 2 2 2 2 2 2 2 2 2 2 2 2 2 2 2 2 2 2 2 2 2 2 2 2 2
left_child=1 4 3 15 7 6 -6 -1 29 -2 -11 -9 16 14 -14 -3 19 -16 -17 -12 -21 -5 -23 24 25 -19 -27 28 -25 -4
right_child=9 2 8 21 5 -7 -8 11 -10 10 12 -13 13 -15 17 18 -18 23 -20 20 -22 22 -24 27 -26 26 -28 -29 -30 -31
leaf_value=-0.0014337894022477095 -0.011497702335984242 -0.0096415119424748882 0.0064253664884886073 0.0012052662072557152 0.0061104953621968884 -0.00036227685688404703 -0.00039935389648489556 -0.0023009214049844601 0.010087122407460972 0.0058094372467686686 -0.0019215406753280467 -0.019118653291038106 0.0083439385624786404 0.0068095740331530893 -0.0055157805415020494 0.0045685112441899451 -0.0055999657401895626 0.01253769049687045 -0.0092761056324423743 0.00064996876693233698 0.014078288159349509 0.01194442445245331 -0.0034226760087120861 -0.0066011545593417922 -0.010111727524781601 0.0095414606694664283 -0.0053241040299568951 -0.00083521541738123791 0.0029739874700901959 0.00047612757299967642
leaf_weight=556 72 42 171 92 843 2392 455 57 116 214 3579 60 152 200 294 480 499 25 33 266 47 445 26 102 150 25 110 2367 953 2000
leaf_count=556 72 42 171 92 843 2392 455 57 116 214 3579 60 152 200 294 480 499 25 33 266 47 445 26 102 150 25 110 2367 953 2000
internal_value=0.000200198 0.00154489 0.00297621 0.00600423 0.000423593 0.00112334 0.00384293 -0.00337334 0.00147627 -0.000953799 -0.000856597 -0.0117517 -0.00102571 -5.46385e-05 -0.000398702 0.00236874 -0.00199158 -0.000748633 0.00351759 -0.00151578 0.0030398 0.00948418 0.0110426 -0.000359349 -0.0046375 0.000787517 -0.00210304 4.05925e-05 0.00199495 0.000972035
internal_weight=16823 7768 3405 1118 4363 3690 1298 673 2287 9055 8983 117 8769 4378 4178 555 4391 4026 513 3892 313 563 471 3732 310 160 135 3422 1055 2171
internal_count=16823 7768 3405 1118 4363 3690 1298 673 2287 9055 8983 117 8769 4378 4178 555 4391 4026 513 3892 313 563 471 3732 310 160 135 3422 1055 2171
is_linear=0
shrinkage=0.05


Tree=6
num_leaves=31
num_cat=0
split_feature=18 4 10 3 4 17 58 1 8 17 16 19 9 17 16 20 19 8 6 4 1 4 4 22 17 1 20 7 12 3
split_gain=8.79887 6.39707 5.15268 3.97028 3.7629 3.64256 3.51877 5.40385 4.54133 3.44383 3.32054 3.28764 3.34942 3.17525 3.14202 3.31056 2.94285 2.63939 3.19676 3.67564 2.63224 3.00157 2.85498 3.63547 3.18964 2.71567 2.62902 2.66584 2.57711 2.56411
threshold=-0.057049421328591372 0.31630034050375461 -0.36452589286004111 -0.79623429999620632 1.4591530794491516 0.65169868991944846 1.0000000180025095e-35 -0.30489726474294937 1.8576476732908269 0.69497452019594086 1.114416726054398 0.60497691934781905 -1.4112090820754986 0.56937054647266871 1.2340358359367156 0.64244446088702223 0.20482013719537898 1.6500252280209404 0.32065441589431226 2.1142694652116956 2.5400916250078831 2.4056257018520104 2.2679424653695803 0.75000000000000011 0.81981928208434307 -0.57371922433404976 0.46920750814204087 0.35664323611551424 0.35350385125887268 -0.52681191732441957
decision_type=2 2 2 2 2 2 2 2 2 2 2 2 2 2 2 2 2 2 2 2 2 2 2 2 2 2 2 2 2 2
left_child=1 9 -2 -3 11 -6 8 -8 -5 29 26 -4 -13 -14 15 20 -12 18 -9 -20 22 -22 23 28 -24 -25 -11 -28 -7 -1
right_child=2 3 4 6 5 14 7 17 -10 10 16 12 13 -15 -16 -17 -18 -19 19 -21 21 -23 24 25 -26 -27 27 -29 -30 -31
leaf_value=-0.0053719287430278291 0.0048509275324911637 0.0085535150276390241 -0.0018640299674789942 0.00068326881084602921 0.0050180231194793326 -0.0013154549271387518 0.0083479976032693852 0.0019428271739009126 0.013957617118078939 0.0029339817396984557 -0.009102103189933439 -0.0088990723477819795 -0.0023914031541696001 0.0055531845317700551 0.010427280056826546 -0.0092275221676143982 0.0044404794775010628 0.0089386188673186255 0.0028118030925957014 -0.016310740847672738 -0.00013152716198453198 -0.019781610345734016 -0.0035430745580233634 0.0050366766188946919 0.0070268900744203076 -0.011252933357102465 0.00051728776229631012 -0.0090799785894080162 0.0056111311552800485 -0.00048799992885975872
leaf_weight=314 383 304 6392 1726 425 503 543 515 57 1750 119 55 176 393 56 96 51 97 41 46 44 25 90 26 260 114 382 79 172 1591
leaf_count=314 383 304 6392 1726 425 503 543 515 57 1750 119 55 176 393 56 96 51 97 41 46 44 25 90 26 260 114 382 79 172 1591
internal_value=0.000286291 0.00154273 -0.000753106 0.00318358 -0.00100148 0.00102623 0.00261752 0.00465085 0.00118311 0.00026382 0.00152872 -0.00152559 0.00191592 0.00309695 -0.000224978 -0.000747962 -0.00501834 0.00170158 0.000408472 -0.00793814 -1.94147e-05 -0.00885391 0.000574729 -0.00105169 0.00428598 -0.00809362 0.00205244 -0.00128523 0.00050569 -0.00131686
internal_weight=16825 7615 9210 3329 8827 1811 3025 1242 1783 4286 2381 7016 624 569 1386 1330 170 699 602 87 1234 69 1165 815 350 140 2211 461 675 1905
internal_count=16825 7615 9210 3329 8827 1811 3025 1242 1783 4286 2381 7016 624 569 1386 1330 170 699 602 87 1234 69 1165 815 350 140 2211 461 675 1905
is_linear=0
shrinkage=0.05


Tree=7
num_leaves=31
num_cat=0
split_feature=0 21 13 19 4 20 16 7 14 13 12 16 20 0 13 2 19 0 20 12 54 3 4 16 20 22 58 5 16 0
split_gain=11.4577 5.52651 4.71153 4.2985 4.43077 3.75806 3.67575 4.04699 4.99835 3.3365 3.49407 3.15718 3.22933 3.66687 3.14954 3.13974 2.98459 2.97803 2.84468 3.17647 2.80321 2.94399 2.77053 2.97499 2.75614 2.89136 2.6622 3.64822 2.87767 2.39253
threshold=-0.10965712285624378 -1.0000000180025095e-35 1.3181351155184049 0.68786246532940332 1.5578807017379002 0.06754621923781208 0.66197041269125056 -0.099950364661931759 0.076220387165245138 1.9401097812667634 0.55026851544257449 1.2340358359367156 0.046410102650088068 1.9372914979336133 0.90518008028738461 0.34916003800173184 0.15792741643827235 -0.24546967770130129 0.36822592318886033 0.3262821883983511 -1.0000000180025095e-35 1.3336727497068368 0.041583584623504359 0.13567140602943559 0.048773911811546521 -0.5 1.0000000180025095e-35 -0.080184339322909373 0.91077274611339176 -1.0247557766134925
decision_type=2 2 2 2 2 2 2 2 2 2 2 2 2 2 2 2 2 2 2 2 2 2 2 2 2 2 2 2 2 2
left_child=1 5 15 4 14 -1 7 8 16 20 26 12 -6 -14 -2 17 -4 -3 24 -20 -7 -22 -10 -24 -8 -26 27 28 -11 -29
right_child=3 2 6 -5 11 9 18 -9 22 10 -12 -13 13 -15 -16 -17 -18 -19 19 -21 21 -23 23 -25 25 -27 -28 29 -30 -31
leaf_value=0.010211202832487758 0.00099468447074957758 -0.0033928977335202538 -0.0070898238763523599 0.0033707109726365393 0.0068589374932803608 0.0089537170015450956 -0.010718520600781885 0.0011854011440985107 0.0035246479825965897 0.014665987923759602 -0.0040484190828377203 0.012158550948665907 0.00053167740713087126 -0.010484266509301961 -0.0020460968695123114 0.0022794506593687832 0.0041729889267972161 0.001549062089129115 0.00075058153167407472 -0.012296045722572931 0.0019334807484410702 -0.0090331739353132438 0.0070629156760922242 0.016675917170804872 -0.0015586705521813463 0.008171893363528332 0.015384770825180222 0.0065459088169614252 -0.00042161298577081077 -0.010105636053217147
leaf_weight=197 966 1173 95 541 180 128 33 1161 248 92 52 53 1346 70 6859 534 124 404 82 95 1490 54 274 126 165 128 109 28 45 42
leaf_count=197 966 1173 95 541 180 128 33 1161 248 92 52 53 1346 70 6859 534 124 404 82 95 1490 54 274 126 165 128 109 28 45 42
internal_value=0.000153668 0.00172344 0.000736364 -0.000925204 -0.00117381 0.00375933 0.00218734 0.00313347 0.00569886 0.00308951 0.00734333 0.00117625 0.000738114 -8.25994e-05 -0.00166992 -0.00100541 -0.000808956 -0.00212507 -0.00161398 -0.00653493 0.00211517 0.00149427 0.00787713 0.0104239 0.00117279 0.00282163 0.00928461 0.00551149 0.0100187 -0.00345936
internal_weight=16894 6879 4642 10015 9474 2237 2531 2028 867 2040 368 1649 1596 1416 7825 2111 219 1577 503 177 1672 1544 648 400 326 293 316 207 137 70
internal_count=16894 6879 4642 10015 9474 2237 2531 2028 867 2040 368 1649 1596 1416 7825 2111 219 1577 503 177 1672 1544 648 400 326 293 316 207 137 70
is_linear=0
shrinkage=0.05


Tree=8
num_leaves=31
num_cat=0
split_feature=0 13 7 20 8 7 1 11 1 11 15 2 17 19 11 2 8 15 7 13 19 2 11 13 16 11 2 5 7 11
split_gain=8.17722 6.3733 6.51543 5.95782 5.18426 4.82501 3.90093 3.27927 3.18615 3.11557 3.68652 2.92649 2.90823 3.28777 3.3578 2.85105 2.84233 4.91414 3.26858 2.82822 3.91353 3.10079 2.8311 2.8214 3.40388 2.77948 3.52216 2.95109 2.77622 2.70061
threshold=0.083867877735772575 1.2883287396450605 -0.12810458871215505 0.35499462457293846 2.0055761611865424 0.22320896417758676 -0.92134415274875903 0.11668437412917028 -1.0147090847642699 0.14676598413037592 0.37047859087767349 -1.0689115224408305 0.6070254933921112 0.40971863319138041 0.40972925416198114 -0.41231449735026732 -1.478052267099063 -0.41925630708018985 -0.60148495801399859 1.9269923005590861 0.34376695593543621 0.15097923933874027 -0.28113813524249182 1.512625084464579 0.66197041269125056 -0.29650486382444324 0.15097923933874027 -0.14793945244340695 0.39387444340976113 -0.4613878781470348
decision_type=2 2 2 2 2 2 2 2 2 2 2 2 2 2 2 2 2 2 2 2 2 2 2 2 2 2 2 2 2 2
left_child=1 6 16 8 5 12 7 15 29 -8 -11 -5 -2 25 -15 -1 17 23 -18 -7 22 -22 -21 -3 -25 26 27 -14 -24 -4
right_child=4 2 3 11 -6 19 9 -9 -10 10 -12 -13 13 14 -16 -17 18 -19 -20 20 21 -23 28 24 -26 -27 -28 -29 -30 -31
leaf_value=-0.0047902286543889359 0.00087082255944929954 0.00014186661343652913 -0.0067394910944682182 -0.014067050717447117 0.0022623554740088996 -0.0056157342371309007 -0.00080220173096500955 -0.011391380230303515 0.0018510798075283966 0.0014224825914924233 0.011383183489902877 -0.0011940031888000649 -0.00038956073745024318 0.0025570803757179513 -0.0065129765792516989 0.0067125484310580717 0.015340847368640154 0.00029646339842964253 0.005478455624113289 0.0060088328634654844 -0.0054868956550191616 0.011932224460146286 0.0019657532089891344 0.016360242904163897 0.0035642214253679056 -0.003091123877321144 -0.01021408865793196 0.0082167591482193176 -0.011252051597980203 0.0090012635114444725
leaf_weight=177 1720 86 23 36 1067 942 2426 122 1360 1390 90 1202 283 680 110 66 87 688 965 46 29 79 55 115 101 2398 51 143 112 267
leaf_count=177 1720 86 23 36 1067 942 2426 122 1360 1390 90 1202 283 680 110 66 87 688 965 46 29 79 55 115 101 2398 51 143 112 267
internal_value=0.000241379 0.0012474 0.00247034 0.000936063 -0.000958477 -0.00147804 -0.000166702 -0.00503808 0.00289574 0.000300212 0.00210053 -0.00167806 -0.000821893 -0.0016165 0.00122854 -0.00152419 0.00462513 0.00266121 0.00643084 -0.0042472 -0.000182787 0.00718626 -0.00407391 0.00786628 0.0107994 -0.00239981 0.00106769 0.00262161 -0.00703376 0.00756982
internal_weight=16916 9201 4930 2888 7715 6648 4271 365 1650 3906 1480 1238 5385 3665 790 243 2042 990 1052 1263 321 108 213 302 216 2875 477 426 167 290
internal_count=16916 9201 4930 2888 7715 6648 4271 365 1650 3906 1480 1238 5385 3665 790 243 2042 990 1052 1263 321 108 213 302 216 2875 477 426 167 290
is_linear=0
shrinkage=0.05


Tree=9
num_leaves=31
num_cat=0
split_feature=18 20 6 8 20 7 13 18 10 7 8 6 8 12 11 7 14 7 17 2 19 13 6 19 18 13 18 16 19 11
split_gain=6.91071 6.2633 4.98869 4.7689 4.57806 4.49039 4.15099 4.47554 2.692 3.74502 2.6774 2.63312 2.56152 2.68409 2.68082 3.65186 3.65411 3.2415 2.96468 2.87977 2.80364 4.04148 2.79967 2.66965 3.18337 2.53165 3.18543 2.70583 3.10696 2.49908
threshold=0.25602889305969717 0.42033650049063537 0.28498839589710162 -2.2571231332216226 0.18055599435855726 -0.14766427579264133 2.3014073529470749 -0.11175199045364638 0.3351881523441288 0.12405811133958919 -1.1207413277088489 0.26161163843310309 2.0352862661964117 0.10751789618600263 -0.28641222449810116 0.27124541469449898 0.40841003589989233 -0.041818737072872904 0.66732471021538231 -0.24895357713663613 0.4006041164374346 1.5875484890331582 0.047903120431468348 0.51435300763955094 0.33880300393808843 2.6856627954781271 0.012774621346252195 0.9387971154689343 0.074863947539639139 0.31966481196463559
decision_type=2 2 2 2 2 2 2 2 2 2 2 2 2 2 2 2 2 2 2 2 2 2 2 2 2 2 2 2 2 2
left_child=1 2 11 -3 -4 6 -5 -8 -6 -10 -9 29 13 -2 17 16 18 -15 -16 -19 -17 -22 -23 24 -20 27 -27 -7 -29 -1
right_child=12 3 4 5 8 25 7 10 9 -11 -12 -13 -14 14 15 20 -18 19 23 -21 21 22 -24 -25 -26 26 -28 28 -30 -31
leaf_value=0.0011584471294208754 0.0088814469563173286 -0.0095102882706465178 0.016973724473267792 0.0012453343907348705 0.012422626471981921 -0.0014494614153667902 0.020594628368023418 0.01139209589721369 -0.0090772409100031513 0.0065624731181319375 -0.0070627260068431494 -0.0071248862988733015 0.0011902830374902773 -0.0024835942296084282 -0.00033886508639519486 -0.0072106884069576679 0.0052522672886919719 0.01083843835786117 -0.0092342573307912078 0.001369141976562484 -0.0064105086144991223 -0.0013863726363827786 0.019653138298437831 0.0045933567198170799 -0.0028913648743097999 -0.016563196659594642 0.0044981149295645374 -0.0064818127342732628 0.013106076618317853 0.0036768619281188526
leaf_weight=5098 50 137 90 1037 48 2619 51 25 59 76 35 77 924 348 1553 532 174 103 218 290 70 26 26 95 1696 47 21 22 56 1217
leaf_count=5098 50 137 90 1037 48 2619 51 25 59 76 35 77 924 348 1553 532 174 103 218 290 70 26 26 95 1696 47 21 22 56 1217
internal_value=0.000116386 0.000881141 0.00182246 -0.000668642 0.00832483 -0.000335629 0.00228069 0.011051 0.0034122 -0.000427289 0.00115572 0.00153218 -0.0012251 -0.00165733 -0.0017771 -0.00224601 -0.00163348 0.000993821 -0.0019836 0.00405828 -0.00566782 0.00109669 0.0106065 -0.00324704 -0.00365805 -0.0014262 -0.0103162 -0.00116478 0.00747253 0.00164883
internal_weight=16820 10715 6665 4050 273 3913 1148 111 183 135 60 6392 6105 5181 5131 4390 3736 741 3562 393 654 122 52 2009 1914 2765 68 2697 78 6315
internal_count=16820 10715 6665 4050 273 3913 1148 111 183 135 60 6392 6105 5181 5131 4390 3736 741 3562 393 654 122 52 2009 1914 2765 68 2697 78 6315
is_linear=0
shrinkage=0.05


end of trees

feature_importances:
Column_7=23
Column_4=22
Column_20=22
Column_8=19
Column_13=18
Column_19=18
Column_16=17
Column_1=16
Column_11=16
Column_10=15
Column_17=14
Column_0=13
Column_18=12
Column_2=10
Column_14=9
Column_5=7
Column_6=7
Column_12=7
Column_15=6
Column_9=5
Column_21=5
Column_22=5
Column_3=4
Column_42=2
Column_54=2
Column_58=2
Column_30=1
Column_34=1
Column_49=1
Column_56=1

parameters:
[boosting: gbdt]
[objective: huber]
[metric: huber]
[tree_learner: serial]
[device_type: cpu]
[data_sample_strategy: bagging]
[data: ]
[valid: ]
[num_iterations: 10]
[learning_rate: 0.05]
[num_leaves: 31]
[num_threads: 4]
[seed: 0]
[deterministic: 1]
[force_col_wise: 0]
[force_row_wise: 0]
[histogram_pool_size: -1]
[max_depth: -1]
[min_data_in_leaf: 20]
[min_sum_hessian_in_leaf: 0.001]
[bagging_fraction: 0.8]
[pos_bagging_fraction: 1]
[neg_bagging_fraction: 1]
[bagging_freq: 1]
[bagging_seed: 7719]
[bagging_by_query: 0]
[feature_fraction: 0.8]
[feature_fraction_bynode: 1]
[feature_fraction_seed: 2437]
[extra_trees: 0]
[extra_seed: 11797]
[early_stopping_round: 0]
[early_stopping_min_delta: 0]
[first_metric_only: 0]
[max_delta_step: 0]
[lambda_l1: 0]
[lambda_l2: 10]
[linear_lambda: 0]
[min_gain_to_split: 0]
[drop_rate: 0.1]
[max_drop: 50]
[skip_drop: 0.5]
[xgboost_dart_mode: 0]
[uniform_drop: 0]
[drop_seed: 21238]
[top_rate: 0.2]
[other_rate: 0.1]
[min_data_per_group: 100]
[max_cat_threshold: 32]
[cat_l2: 10]
[cat_smooth: 10]
[max_cat_to_onehot: 4]
[top_k: 20]
[monotone_constraints: ]
[monotone_constraints_method: basic]
[monotone_penalty: 0]
[feature_contri: ]
[forcedsplits_filename: ]
[refit_decay_rate: 0.9]
[cegb_tradeoff: 1]
[cegb_penalty_split: 0]
[cegb_penalty_feature_lazy: ]
[cegb_penalty_feature_coupled: ]
[path_smooth: 0]
[interaction_constraints: ]
[verbosity: -1]
[saved_feature_importance_type: 0]
[use_quantized_grad: 0]
[num_grad_quant_bins: 4]
[quant_train_renew_leaf: 0]
[stochastic_rounding: 1]
[linear_tree: 0]
[max_bin: 255]
[max_bin_by_feature: ]
[min_data_in_bin: 3]
[bin_construct_sample_cnt: 200000]
[data_random_seed: 38]
[is_enable_sparse: 1]
[enable_bundle: 1]
[use_missing: 1]
[zero_as_missing: 0]
[feature_pre_filter: 1]
[pre_partition: 0]
[two_round: 0]
[header: 0]
[label_column: ]
[weight_column: ]
[group_column: ]
[ignore_column: ]
[categorical_feature: ]
[forcedbins_filename: ]
[precise_float_parser: 0]
[parser_config_file: ]
[objective_seed: 8855]
[num_class: 1]
[is_unbalance: 0]
[scale_pos_weight: 1]
[sigmoid: 1]
[boost_from_average: 1]
[reg_sqrt: 0]
[alpha: 0.9]
[fair_c: 1]
[poisson_max_delta_step: 0.7]
[tweedie_variance_power: 1.5]
[lambdarank_truncation_level: 30]
[lambdarank_norm: 1]
[label_gain: ]
[lambdarank_position_bias_regularization: 0]
[eval_at: ]
[multi_error_top_k: 1]
[auc_mu_weights: ]
[num_machines: 1]
[local_listen_port: 12400]
[time_out: 120]
[machine_list_filename: ]
[machines: ]
[gpu_platform_id: -1]
[gpu_device_id: -1]
[gpu_device_id_list: ]
[gpu_use_dp: 0]
[num_gpu: 1]

end of parameters

pandas_categorical:null
